version	timestamp	block number	trial number	lost msec	free VRAM	trial contents	US	Startle_Circle	Startle_ITI	C4	C5	C6	C7	C8	C9	C10	No_Startle	Generalization_Block	No_US	Size	US_expect	US_Intensity	Total_trial_nr	
21622	Tue Nov 28 09:21:24 2017	2	1	156::42	2253.59		0	1	0	0	0	0	1	0	0	0	0	0	1	999	6	140	1	
21622	Tue Nov 28 09:21:42 2017	2	2	2::2	2253.59		0	0	1	0	0	0	0	0	0	0	0	0	1	999		140	2	
21622	Tue Nov 28 09:21:52 2017	2	3	0::1	2253.59		0	0	1	0	0	0	0	0	0	0	0	0	1	999		140	3	
21622	Tue Nov 28 09:21:59 2017	2	4	255::11	2253.59		0	1	0	0	0	0	1	0	0	0	0	0	1	120	5	140	4	
21622	Tue Nov 28 09:22:17 2017	2	5	277::11	2253.59		0	1	0	0	0	0	1	0	0	0	0	0	1	124	5	140	5	
21622	Tue Nov 28 09:22:36 2017	2	6	438::10	2253.59		0	1	0	0	0	0	1	0	0	0	0	0	1	120	6	140	6	
21622	Tue Nov 28 09:22:55 2017	2	7	401::10	2253.59		0	1	0	0	0	0	1	0	0	0	0	0	1	117	5	140	7	
21622	Tue Nov 28 09:23:12 2017	2	8	0::1	2253.59		0	0	1	0	0	0	0	0	0	0	0	0	1	999		140	8	
21622	Tue Nov 28 09:23:21 2017	2	9	751::10	2253.59		0	1	0	0	0	0	1	0	0	0	0	0	1	119	6	140	9	
21622	Tue Nov 28 09:23:39 2017	2	10	0::1	2253.59		0	0	1	0	0	0	0	0	0	0	0	0	1	999		140	10	
21622	Tue Nov 28 09:24:08 2017	3	1	238::10	2253.59		0	1	0	0	0	0	1	0	0	0	0	0	1	119	6	140	11	
21622	Tue Nov 28 09:24:25 2017	3	2	277::10	2253.59		0	0	0	0	0	0	1	0	0	0	1	0	1	123	6	140	12	
21622	Tue Nov 28 09:24:44 2017	3	3	328::10	2253.59		1	1	0	0	0	0	1	0	0	0	0	0	0	121	6	140	13	
21622	Tue Nov 28 09:25:04 2017	3	4	325::10	2253.59		1	0	0	0	0	0	1	0	0	0	1	0	0	120	6	140	14	
21622	Tue Nov 28 09:25:23 2017	3	5	245::10	2253.59		0	1	0	0	0	0	1	0	0	0	0	0	1	130	6	140	15	
21622	Tue Nov 28 09:25:43 2017	3	6	315::10	2253.59		1	0	0	0	0	0	1	0	0	0	1	0	0	130	5	140	16	
21622	Tue Nov 28 09:26:01 2017	3	7	305::10	2253.59		1	1	0	0	0	0	1	0	0	0	0	0	0	120	5	140	17	
21622	Tue Nov 28 09:26:18 2017	3	8	283::10	2253.59		0	0	0	0	0	0	1	0	0	0	1	0	1	125	5	140	18	
21622	Tue Nov 28 09:26:38 2017	3	9	252::10	2253.59		0	1	0	0	0	0	1	0	0	0	0	0	1	126	5	140	19	
21622	Tue Nov 28 09:26:56 2017	3	10	341::10	2253.59		1	0	0	0	0	0	1	0	0	0	1	0	0	122	5	140	20	
21622	Tue Nov 28 09:27:15 2017	3	11	287::12	2253.59		1	1	0	0	0	0	1	0	0	0	0	0	0	130	6	140	21	
21622	Tue Nov 28 09:27:33 2017	3	12	0::1	2253.59		0	0	1	0	0	0	0	0	0	0	0	0	1	999		140	22	
21622	Tue Nov 28 09:27:40 2017	3	13	315::10	2253.59		0	0	0	0	0	0	1	0	0	0	1	0	1	130	6	140	23	
21622	Tue Nov 28 09:28:00 2017	3	14	300::10	2253.59		1	0	0	0	0	0	1	0	0	0	1	0	0	149	6	140	24	
21622	Tue Nov 28 09:28:19 2017	3	15	267::10	2253.59		0	0	0	0	0	0	1	0	0	0	1	0	1	140	6	140	25	
21622	Tue Nov 28 09:28:36 2017	4	1	260::10	2253.59		0	0	0	0	0	0	0	1	0	0	1	1	1	140	6	140	26	
21622	Tue Nov 28 09:28:54 2017	4	2	207::10	2253.59		0	1	0	0	1	0	0	0	0	0	0	1	1	101	6	140	27	
21622	Tue Nov 28 09:29:14 2017	4	3	293::10	2253.59		0	0	0	0	1	0	0	0	0	0	1	1	1	100	6	140	28	
21622	Tue Nov 28 09:29:32 2017	4	4	2::2	2253.59		0	0	1	0	0	0	0	0	0	0	0	1	1	999		140	29	
21622	Tue Nov 28 09:29:42 2017	4	5	448::10	2253.59		0	1	0	0	0	1	0	0	0	0	0	1	1	117	6	140	30	
21622	Tue Nov 28 09:29:59 2017	4	6	382::10	2253.59		0	0	0	1	0	0	0	0	0	0	1	1	1	99	6	140	31	
21622	Tue Nov 28 09:30:19 2017	4	7	301::10	2253.59		0	1	0	0	0	1	0	0	0	0	0	1	1	140	6	140	32	
21622	Tue Nov 28 09:30:39 2017	4	8	230::10	2253.59		1	0	0	0	0	0	1	0	0	0	1	1	0	170	7	140	33	
21622	Tue Nov 28 09:30:56 2017	4	9	2::2	2253.59		0	0	1	0	0	0	0	0	0	0	0	1	1	999		140	34	
21622	Tue Nov 28 09:31:05 2017	4	10	495::10	2253.59		0	0	0	0	0	1	0	0	0	0	1	1	1	126	6	140	35	
21622	Tue Nov 28 09:31:24 2017	4	11	277::10	2253.59		0	1	0	0	0	0	0	0	0	1	0	1	1	193	7	140	36	
21622	Tue Nov 28 09:31:41 2017	4	12	240::10	2253.59		0	0	0	0	0	0	1	0	0	0	1	1	1	130	6	140	37	
21622	Tue Nov 28 09:32:01 2017	4	13	269::10	2253.59		0	1	0	0	0	0	0	0	1	0	0	1	1	199	6	140	38	
21622	Tue Nov 28 09:32:20 2017	4	14	283::10	2253.59		1	0	0	0	0	0	1	0	0	0	1	1	0	130	6	140	39	
21622	Tue Nov 28 09:32:40 2017	4	15	320::10	2253.59		0	1	0	1	0	0	0	0	0	0	0	1	1	100	6	140	40	
21622	Tue Nov 28 09:32:58 2017	4	16	298::10	2253.59		1	0	0	0	0	0	1	0	0	0	1	1	0	130	5	140	41	
21622	Tue Nov 28 09:33:15 2017	4	17	305::10	2253.59		0	1	0	0	0	0	0	1	0	0	0	1	1	170	6	140	42	
21622	Tue Nov 28 09:33:35 2017	4	18	211::10	2253.59		0	0	0	0	0	1	0	0	0	0	1	1	1	127	6	140	43	
21622	Tue Nov 28 09:33:53 2017	4	19	293::10	2253.59		0	1	0	0	1	0	0	0	0	0	0	1	1	101	6	140	44	
21622	Tue Nov 28 09:34:11 2017	4	20	382::10	2253.59		0	0	0	0	0	0	0	1	0	0	1	1	1	184	6	140	45	
21622	Tue Nov 28 09:34:28 2017	4	21	247::12	2253.59		1	1	0	0	0	0	1	0	0	0	0	1	0	136	6	140	46	
21622	Tue Nov 28 09:34:46 2017	4	22	562::10	2253.59		0	0	0	0	1	0	0	0	0	0	1	1	1	100	5	140	47	
21622	Tue Nov 28 09:35:05 2017	4	23	407::10	2253.59		0	1	0	0	0	0	0	0	1	0	0	1	1	200	6	140	48	
21622	Tue Nov 28 09:35:25 2017	4	24	296::10	2253.59		1	0	0	0	0	0	1	0	0	0	1	1	0	130	5	140	49	
21622	Tue Nov 28 09:35:44 2017	4	25	293::10	2253.59		0	1	0	1	0	0	0	0	0	0	0	1	1	100	4	140	50	
21622	Tue Nov 28 09:36:03 2017	4	26	678::11	2253.59		0	0	0	1	0	0	0	0	0	0	1	1	1	98	5	140	51	
21622	Tue Nov 28 09:36:21 2017	4	27	289::10	2253.59		0	1	0	0	0	0	0	1	0	0	0	1	1	198	6	140	52	
21622	Tue Nov 28 09:36:38 2017	4	28	257::10	2253.59		0	0	0	0	0	0	0	0	0	1	1	1	1	200	6	140	53	
21622	Tue Nov 28 09:36:58 2017	4	29	247::10	2253.59		0	1	0	0	0	0	1	0	0	0	0	1	1	130	7	140	54	
21622	Tue Nov 28 09:37:17 2017	4	30	484::10	2253.59		0	0	0	0	0	0	1	0	0	0	1	1	1	130	5	140	55	
21622	Tue Nov 28 09:37:35 2017	4	31	486::10	2253.59		0	1	0	0	0	0	0	0	0	1	0	1	1	196	6	140	56	
21622	Tue Nov 28 09:37:54 2017	4	32	268::10	2253.59		0	0	0	0	0	0	0	0	0	1	1	1	1	196	6	140	57	
21622	Tue Nov 28 09:38:13 2017	4	33	264::11	2253.59		0	1	0	0	0	0	1	0	0	0	0	1	1	130	5	140	58	
21622	Tue Nov 28 09:38:32 2017	4	34	628::10	2253.59		0	0	0	0	0	0	1	0	0	0	1	1	1	125	5	140	59	
21622	Tue Nov 28 09:38:51 2017	4	35	407::10	2253.59		0	0	0	0	0	0	1	0	0	0	1	1	1	124	6	140	60	
21622	Tue Nov 28 09:39:10 2017	4	36	708::10	2253.59		1	1	0	0	0	0	1	0	0	0	0	1	0	124	4	140	61	
21622	Tue Nov 28 09:39:28 2017	4	37	242::11	2253.59		0	0	0	0	0	0	0	0	1	0	1	1	1	191	6	140	62	
21622	Tue Nov 28 09:39:47 2017	4	38	740::10	2253.59		0	0	0	0	0	0	0	0	1	0	1	1	1	170	6	140	63	
21622	Tue Nov 28 09:43:16 2017	5	1	280::10	2253.59		1	1	0	0	0	0	1	0	0	0	0	1	0	130	5	140	64	
21622	Tue Nov 28 09:43:34 2017	5	2	345::10	2253.59		0	0	0	0	0	0	1	0	0	0	1	1	1	121	5	140	65	
21622	Tue Nov 28 09:43:51 2017	5	3	255::11	2253.59		0	1	0	0	0	0	1	0	0	0	0	1	1	120	5	140	66	
21622	Tue Nov 28 09:44:10 2017	5	4	177::10	2253.59		0	1	0	0	0	0	1	0	0	0	0	1	1	120	5	140	67	
21622	Tue Nov 28 09:44:28 2017	5	5	249::10	2253.59		1	1	0	0	0	0	1	0	0	0	0	1	0	120	5	140	68	
21622	Tue Nov 28 09:44:47 2017	5	6	688::10	2253.59		0	0	0	0	0	0	1	0	0	0	1	1	1	122	5	140	69	
21622	Tue Nov 28 09:45:05 2017	5	7	300::10	2253.59		1	0	0	0	0	0	1	0	0	0	1	1	0	121	5	140	70	
21622	Tue Nov 28 09:45:25 2017	5	8	290::10	2253.59		0	0	0	0	0	0	1	0	0	0	1	1	1	121	5	140	71	
21622	Tue Nov 28 09:45:43 2017	5	9	429::10	2253.59		1	0	0	0	0	0	1	0	0	0	1	1	0	121	6	140	72	
21622	Tue Nov 28 09:46:00 2017	5	10	132::6	2253.59		1	0	0	0	0	0	1	0	0	0	1	1	0	121	999	140	73	
21622	Tue Nov 28 09:46:20 2017	6	1	317::10	2253.59		0	0	0	0	1	0	0	0	0	0	1	1	1	100	6	140	74	
21622	Tue Nov 28 09:46:38 2017	6	2	284::10	2253.59		0	1	0	0	0	0	1	0	0	0	0	1	1	121	6	140	75	
21622	Tue Nov 28 09:46:56 2017	6	3	277::10	2253.59		0	0	0	0	0	0	0	1	0	0	1	1	1	121	5	140	76	
21622	Tue Nov 28 09:47:15 2017	6	4	373::10	2253.59		0	1	0	0	0	0	0	0	1	0	0	1	1	150	6	140	77	
21622	Tue Nov 28 09:47:33 2017	6	5	356::11	2253.59		0	0	0	0	0	1	0	0	0	0	1	1	1	103	5	140	78	
21622	Tue Nov 28 09:47:50 2017	6	6	481::10	2253.59		0	1	0	0	0	0	0	1	0	0	0	1	1	125	6	140	79	
21622	Tue Nov 28 09:48:08 2017	6	7	314::10	2253.59		1	0	0	0	0	0	1	0	0	0	1	1	0	125	5	140	80	
21622	Tue Nov 28 09:48:28 2017	6	8	0::1	2253.59		0	0	1	0	0	0	0	0	0	0	0	1	1	999		140	81	
21622	Tue Nov 28 09:48:35 2017	6	9	444::10	2253.59		1	0	0	0	0	0	1	0	0	0	1	1	0	125	5	140	82	
21622	Tue Nov 28 09:48:55 2017	6	10	0::1	2253.59		0	0	1	0	0	0	0	0	0	0	0	1	1	999		140	83	
21622	Tue Nov 28 09:49:05 2017	6	11	628::10	2253.59		0	0	0	0	0	0	1	0	0	0	1	1	1	116	5	140	84	
21622	Tue Nov 28 09:49:22 2017	6	12	241::10	2253.59		0	1	0	0	0	0	0	1	0	0	0	1	1	125	5	140	85	
21622	Tue Nov 28 09:49:40 2017	6	13	541::10	2253.59		0	0	0	0	0	1	0	0	0	0	1	1	1	118	5	140	86	
21622	Tue Nov 28 09:49:59 2017	6	14	490::10	2253.59		1	1	0	0	0	0	1	0	0	0	0	1	0	123	5	140	87	
21622	Tue Nov 28 09:50:18 2017	6	15	401::10	2253.59		0	0	0	0	0	0	0	0	0	1	1	1	1	194	6	140	88	
21622	Tue Nov 28 09:50:36 2017	6	16	268::10	2253.59		0	1	0	0	0	0	0	0	0	1	0	1	1	138	7	140	89	
21622	Tue Nov 28 09:50:55 2017	6	17	248::10	2253.59		0	0	0	1	0	0	0	0	0	0	1	1	1	99	5	140	90	
21622	Tue Nov 28 09:51:13 2017	6	18	315::10	2253.59		0	1	0	0	0	1	0	0	0	0	0	1	1	125	5	140	91	
21622	Tue Nov 28 09:51:30 2017	6	19	775::10	2253.59		0	0	0	0	0	0	1	0	0	0	1	1	1	125	5	140	92	
21622	Tue Nov 28 09:51:50 2017	6	20	395::10	2253.59		0	1	0	0	1	0	0	0	0	0	0	1	1	100	3	140	93	
21622	Tue Nov 28 09:52:08 2017	6	21	271::11	2253.59		0	0	0	0	0	0	0	1	0	0	1	1	1	125	5	140	94	
21622	Tue Nov 28 09:52:28 2017	6	22	306::10	2253.59		0	1	0	0	0	1	0	0	0	0	0	1	1	112	6	140	95	
21622	Tue Nov 28 09:52:46 2017	6	23	152::6	2253.59		1	0	0	0	0	0	1	0	0	0	1	1	0	125	999	140	96	
21622	Tue Nov 28 09:53:05 2017	6	24	269::10	2253.59		0	1	0	0	0	0	0	0	1	0	0	1	1	143	6	140	97	
21622	Tue Nov 28 09:53:24 2017	6	25	242::10	2253.59		0	0	0	0	1	0	0	0	0	0	1	1	1	93	3	140	98	
21622	Tue Nov 28 09:53:44 2017	6	26	283::10	2253.59		0	1	0	0	0	0	0	0	0	1	0	1	1	191	7	140	99	
21622	Tue Nov 28 09:54:01 2017	6	27	480::10	2253.59		0	0	0	0	0	0	0	0	0	1	1	1	1	180	6	140	100	
21622	Tue Nov 28 09:54:20 2017	6	28	302::6	2253.59		0	1	0	1	0	0	0	0	0	0	0	1	1	92	999	140	101	
21622	Tue Nov 28 09:54:38 2017	6	29	258::10	2253.59		0	0	0	0	0	0	0	0	1	0	1	1	1	135	5	140	102	
21622	Tue Nov 28 09:54:58 2017	6	30	452::10	2253.59		0	1	0	0	0	0	1	0	0	0	0	1	1	117	6	140	103	
21622	Tue Nov 28 09:55:17 2017	6	31	243::10	2253.59		1	0	0	0	0	0	1	0	0	0	1	1	0	126	5	140	104	
21622	Tue Nov 28 09:55:35 2017	6	32	237::10	2253.59		0	1	0	1	0	0	0	0	0	0	0	1	1	94	2	140	105	
21622	Tue Nov 28 09:55:53 2017	6	33	339::10	2253.59		0	0	0	0	0	0	1	0	0	0	1	1	1	125	5	140	106	
21622	Tue Nov 28 09:56:12 2017	6	34	272::10	2253.59		1	1	0	0	0	0	1	0	0	0	0	1	0	125	5	140	107	
21622	Tue Nov 28 09:56:31 2017	6	35	271::10	2253.59		0	0	0	0	0	0	0	0	1	0	1	1	1	126	5	140	108	
21622	Tue Nov 28 09:56:50 2017	6	36	324::10	2253.59		0	1	0	0	1	0	0	0	0	0	0	1	1	95	2	140	109	
21622	Tue Nov 28 09:57:10 2017	6	37	219::10	2253.59		0	0	0	0	0	0	1	0	0	0	1	1	1	125	5	140	110	
21622	Tue Nov 28 09:57:29 2017	6	38	355::10	2253.59		0	0	0	1	0	0	0	0	0	0	1	1	1	95	2	140	111	
21622	Tue Nov 28 10:00:56 2017	8	1	244::10	2253.59		0	1	0	0	0	0	1	0	0	0	0	1	1	125	5	140	112	
21622	Tue Nov 28 10:01:14 2017	8	2	323::10	2253.59		0	0	0	0	0	0	1	0	0	0	1	1	1	125	5	140	113	
21622	Tue Nov 28 10:01:33 2017	8	3	592::11	2253.59		1	1	0	0	0	0	1	0	0	0	0	1	0	125	5	140	114	
21622	Tue Nov 28 10:01:52 2017	8	4	259::10	2253.59		1	0	0	0	0	0	1	0	0	0	1	1	0	125	6	140	115	
21622	Tue Nov 28 10:02:11 2017	8	5	443::10	2253.59		0	0	0	0	0	0	1	0	0	0	1	1	1	126	7	140	116	
21622	Tue Nov 28 10:02:30 2017	8	6	281::10	2253.59		0	0	0	0	0	0	1	0	0	0	1	1	1	125	6	140	117	
21622	Tue Nov 28 10:02:48 2017	8	7	267::10	2253.59		1	1	0	0	0	0	1	0	0	0	0	1	0	125	6	140	118	
21622	Tue Nov 28 10:03:06 2017	8	8	411::10	2253.59		1	0	0	0	0	0	1	0	0	0	1	1	0	125	7	140	119	
21622	Tue Nov 28 10:03:23 2017	8	9	291::10	2253.59		0	1	0	0	0	0	1	0	0	0	0	1	1	125	7	140	120	
21622	Tue Nov 28 10:03:40 2017	8	10	379::11	2253.59		1	0	0	0	0	0	1	0	0	0	1	1	0	125	6	140	121	
21622	Tue Nov 28 10:04:00 2017	9	1	432::10	2253.59		0	0	0	0	0	0	0	1	0	0	1	1	1	125	7	140	122	
21622	Tue Nov 28 10:04:19 2017	9	2	479::10	2253.59		0	1	0	0	0	0	0	0	1	0	0	1	1	125	7	140	123	
21622	Tue Nov 28 10:04:38 2017	9	3	315::11	2253.59		0	0	0	0	0	0	0	0	1	0	1	1	1	126	6	140	124	
21622	Tue Nov 28 10:04:57 2017	9	4	263::10	2253.59		0	1	0	0	0	1	0	0	0	0	0	1	1	95	2	140	125	
21622	Tue Nov 28 10:05:15 2017	9	5	293::10	2253.59		0	0	0	0	0	0	1	0	0	0	1	1	1	125	5	140	126	
21622	Tue Nov 28 10:05:32 2017	9	6	544::11	2253.59		0	1	0	0	0	0	0	0	0	1	0	1	1	160	6	140	127	
21622	Tue Nov 28 10:05:52 2017	9	7	456::11	2253.59		1	0	0	0	0	0	1	0	0	0	1	1	0	125	6	140	128	
21622	Tue Nov 28 10:06:10 2017	9	8	258::10	2253.59		0	1	0	0	0	0	0	1	0	0	0	1	1	125	5	140	129	
21622	Tue Nov 28 10:06:29 2017	9	9	252::10	2253.59		0	0	0	1	0	0	0	0	0	0	1	1	1	95	2	140	130	
21622	Tue Nov 28 10:06:47 2017	9	10	411::11	2253.59		1	1	0	0	0	0	1	0	0	0	0	1	0	125	5	140	131	
21622	Tue Nov 28 10:07:05 2017	9	11	331::10	2253.59		0	0	0	0	0	1	0	0	0	0	1	1	1	125	5	140	132	
21622	Tue Nov 28 10:07:24 2017	9	12	236::10	2253.59		0	1	0	0	0	0	1	0	0	0	0	1	1	125	5	140	133	
21622	Tue Nov 28 10:07:43 2017	9	13	219::10	2253.59		1	0	0	0	0	0	1	0	0	0	1	1	0	125	5	140	134	
21622	Tue Nov 28 10:08:01 2017	9	14	283::10	2253.59		0	1	0	0	0	0	0	0	0	1	0	1	1	194	5	140	135	
21622	Tue Nov 28 10:08:18 2017	9	15	0::1	2253.59		0	0	1	0	0	0	0	0	0	0	0	1	1	999		140	136	
21622	Tue Nov 28 10:08:27 2017	9	16	277::10	2253.59		0	1	0	0	0	0	0	0	1	0	0	1	1	125	5	140	137	
21622	Tue Nov 28 10:08:46 2017	9	17	267::11	2253.59		0	0	0	0	0	0	0	1	0	0	1	1	1	125	6	140	138	
21622	Tue Nov 28 10:09:05 2017	9	18	220::10	2253.59		0	1	0	0	0	1	0	0	0	0	0	1	1	125	6	140	139	
21622	Tue Nov 28 10:09:25 2017	9	19	384::10	2253.59		0	0	0	0	0	0	0	0	0	1	1	1	1	180	5	140	140	
21622	Tue Nov 28 10:09:44 2017	9	20	429::10	2253.59		0	1	0	0	1	0	0	0	0	0	0	1	1	94	2	140	141	
21622	Tue Nov 28 10:10:04 2017	9	21	303::10	2253.59		1	0	0	0	0	0	1	0	0	0	1	1	0	125	5	140	142	
21622	Tue Nov 28 10:10:22 2017	9	22	251::11	2253.59		0	1	0	0	0	0	1	0	0	0	0	1	1	116	5	140	143	
21622	Tue Nov 28 10:10:42 2017	9	23	412::10	2253.59		0	0	0	0	0	1	0	0	0	0	1	1	1	124	5	140	144	
21622	Tue Nov 28 10:11:01 2017	9	24	304::10	2253.59		0	1	0	0	0	0	0	1	0	0	0	1	1	143	6	140	145	
21622	Tue Nov 28 10:11:19 2017	9	25	283::10	2253.59		0	0	0	0	0	0	1	0	0	0	1	1	1	124	5	140	146	
21622	Tue Nov 28 10:11:37 2017	9	26	432::10	2253.59		0	1	0	0	1	0	0	0	0	0	0	1	1	100	3	140	147	
21622	Tue Nov 28 10:11:56 2017	9	27	305::10	2253.59		0	0	0	0	1	0	0	0	0	0	1	1	1	112	5	140	148	
21622	Tue Nov 28 10:12:15 2017	9	28	526::10	2253.59		0	1	0	1	0	0	0	0	0	0	0	1	1	120	6	140	149	
21622	Tue Nov 28 10:12:32 2017	9	29	0::1	2253.59		0	0	1	0	0	0	0	0	0	0	0	1	1	999		140	150	
21622	Tue Nov 28 10:12:40 2017	9	30	588::10	2253.59		0	1	0	1	0	0	0	0	0	0	0	1	1	124	5	140	151	
21622	Tue Nov 28 10:12:59 2017	9	31	334::10	2253.59		0	0	0	0	1	0	0	0	0	0	1	1	1	125	5	140	152	
21622	Tue Nov 28 10:13:16 2017	9	32	355::10	2253.59		1	1	0	0	0	0	1	0	0	0	0	1	0	134	6	140	153	
21622	Tue Nov 28 10:13:36 2017	9	33	283::10	2253.59		0	0	0	0	0	0	0	0	1	0	1	1	1	169	5	140	154	
21622	Tue Nov 28 10:13:56 2017	9	34	292::10	2253.59		0	0	0	0	0	0	1	0	0	0	1	1	1	125	5	140	155	
21622	Tue Nov 28 10:14:13 2017	9	35	460::10	2253.59		0	0	0	0	0	0	0	0	0	1	1	1	1	180	5	140	156	
21622	Tue Nov 28 10:14:31 2017	9	36	169::6	2253.59		1	0	0	0	0	0	1	0	0	0	1	1	0	125	999	140	157	
21622	Tue Nov 28 10:14:51 2017	9	37	532::10	2253.59		0	0	0	1	0	0	0	0	0	0	1	1	1	92	2	140	158	
21622	Tue Nov 28 10:15:10 2017	9	38	386::10	2253.59		0	0	0	0	0	0	1	0	0	0	1	1	1	125	5	140	159	
21622	Tue Nov 28 10:18:30 2017	10	1	377::11	2253.59		1	0	0	0	0	0	1	0	0	0	1	1	0	125	4	140	160	
21622	Tue Nov 28 10:18:49 2017	10	2	332::10	2253.59		0	1	0	0	0	0	1	0	0	0	0	1	1	125	5	140	161	
21622	Tue Nov 28 10:19:07 2017	10	3	341::10	2253.59		0	0	0	0	0	0	1	0	0	0	1	1	1	125	5	140	162	
21622	Tue Nov 28 10:19:25 2017	10	4	336::10	2253.59		1	1	0	0	0	0	1	0	0	0	0	1	0	125	5	140	163	
21622	Tue Nov 28 10:19:44 2017	10	5	258::10	2253.59		1	0	0	0	0	0	1	0	0	0	1	1	0	125	6	140	164	
21622	Tue Nov 28 10:20:02 2017	10	6	457::10	2253.59		1	0	0	0	0	0	1	0	0	0	1	1	0	125	5	140	165	
21622	Tue Nov 28 10:20:21 2017	10	7	303::10	2253.59		0	1	0	0	0	0	1	0	0	0	0	1	1	125	5	140	166	
21622	Tue Nov 28 10:20:38 2017	10	8	236::10	2253.59		0	0	0	0	0	0	1	0	0	0	1	1	1	125	5	140	167	
21622	Tue Nov 28 10:20:58 2017	10	9	253::11	2253.59		1	1	0	0	0	0	1	0	0	0	0	1	0	125	5	140	168	
21622	Tue Nov 28 10:21:17 2017	10	10	479::10	2253.59		0	0	0	0	0	0	1	0	0	0	1	1	1	126	4	140	169	
21622	Tue Nov 28 10:21:36 2017	11	1	254::10	2253.59		0	0	0	0	0	0	1	0	0	0	1	1	1	128	5	140	170	
21622	Tue Nov 28 10:21:55 2017	11	2	341::10	2253.59		0	1	0	0	0	1	0	0	0	0	0	1	1	126	6	140	171	
21622	Tue Nov 28 10:22:15 2017	11	3	563::10	2253.59		0	0	0	0	1	0	0	0	0	0	1	1	1	105	4	140	172	
21622	Tue Nov 28 10:22:33 2017	11	4	663::10	2253.59		0	1	0	1	0	0	0	0	0	0	0	1	1	100	3	140	173	
21622	Tue Nov 28 10:22:53 2017	11	5	0::1	2253.59		0	0	1	0	0	0	0	0	0	0	0	1	1	999		140	174	
21622	Tue Nov 28 10:23:01 2017	11	6	1071::10	2253.59		0	1	0	0	0	0	0	1	0	0	0	1	1	185	5	140	175	
21622	Tue Nov 28 10:23:20 2017	11	7	274::11	2253.59		0	0	0	0	0	0	0	0	1	0	1	1	1	137	5	140	176	
21622	Tue Nov 28 10:23:40 2017	11	8	292::11	2253.59		0	1	0	0	0	0	0	1	0	0	0	1	1	125	6	140	177	
21622	Tue Nov 28 10:23:59 2017	11	9	262::10	2253.59		0	0	0	0	0	1	0	0	0	0	1	1	1	109	5	140	178	
21622	Tue Nov 28 10:24:19 2017	11	10	465::10	2253.59		0	1	0	0	0	1	0	0	0	0	0	1	1	125	6	140	179	
21622	Tue Nov 28 10:24:37 2017	11	11	315::11	2253.59		0	0	0	0	0	0	0	0	1	0	1	1	1	191	5	140	180	
21622	Tue Nov 28 10:24:56 2017	11	12	406::10	2253.59		0	1	0	0	0	0	0	0	1	0	0	1	1	151	6	140	181	
21622	Tue Nov 28 10:25:13 2017	11	13	397::10	2253.59		1	0	0	0	0	0	1	0	0	0	1	1	0	125	6	140	182	
21622	Tue Nov 28 10:25:32 2017	11	14	278::12	2253.59		0	1	0	0	1	0	0	0	0	0	0	1	1	115	5	140	183	
21622	Tue Nov 28 10:25:52 2017	11	15	842::11	2253.59		0	0	0	1	0	0	0	0	0	0	1	1	1	90	2	140	184	
21622	Tue Nov 28 10:26:10 2017	11	16	480::10	2253.59		0	1	0	0	0	0	0	0	0	1	0	1	1	191	5	140	185	
21622	Tue Nov 28 10:26:27 2017	11	17	340::10	2253.59		1	0	0	0	0	0	1	0	0	0	1	1	0	126	5	140	186	
21622	Tue Nov 28 10:26:46 2017	11	18	411::11	2253.59		0	1	0	0	0	0	0	0	0	1	0	1	1	184	4	140	187	
21622	Tue Nov 28 10:27:05 2017	11	19	263::11	2253.59		0	0	0	0	0	1	0	0	0	0	1	1	1	124	6	140	188	
21622	Tue Nov 28 10:27:23 2017	11	20	257::10	2253.59		0	1	0	0	0	0	1	0	0	0	0	1	1	125	7	140	189	
21622	Tue Nov 28 10:27:42 2017	11	21	334::10	2253.59		0	0	0	0	0	0	0	0	0	1	1	1	1	190	4	140	190	
21622	Tue Nov 28 10:28:00 2017	11	22	735::10	2253.59		0	1	0	0	0	0	0	0	1	0	0	1	1	130	5	140	191	
21622	Tue Nov 28 10:28:19 2017	11	23	300::10	2253.59		1	0	0	0	0	0	1	0	0	0	1	1	0	125	5	140	192	
21622	Tue Nov 28 10:28:38 2017	11	24	444::10	2253.59		0	1	0	0	0	0	1	0	0	0	0	1	1	125	6	140	193	
21622	Tue Nov 28 10:28:57 2017	11	25	459::10	2253.59		0	0	0	0	1	0	0	0	0	0	1	1	1	110	5	140	194	
21622	Tue Nov 28 10:29:15 2017	11	26	383::10	2253.59		0	1	0	0	1	0	0	0	0	0	0	1	1	121	6	140	195	
21622	Tue Nov 28 10:29:35 2017	11	27	371::10	2253.59		0	0	0	0	0	0	1	0	0	0	1	1	1	141	6	140	196	
21622	Tue Nov 28 10:29:54 2017	11	28	0::1	2253.59		0	0	1	0	0	0	0	0	0	0	0	1	1	999		140	197	
21622	Tue Nov 28 10:30:02 2017	11	29	378::10	2253.59		0	0	0	0	0	0	0	1	0	0	1	1	1	142	5	140	198	
21622	Tue Nov 28 10:30:20 2017	11	30	237::10	2253.59		1	1	0	0	0	0	1	0	0	0	0	1	0	124	6	140	199	
21622	Tue Nov 28 10:30:38 2017	11	31	257::10	2253.59		0	0	0	1	0	0	0	0	0	0	1	1	1	95	2	140	200	
21622	Tue Nov 28 10:30:57 2017	11	32	243::10	2253.59		1	1	0	0	0	0	1	0	0	0	0	1	0	132	6	140	201	
21622	Tue Nov 28 10:31:15 2017	11	33	258::10	2253.59		0	0	0	0	0	0	1	0	0	0	1	1	1	129	5	140	202	
21622	Tue Nov 28 10:31:33 2017	11	34	310::10	2253.59		0	1	0	1	0	0	0	0	0	0	0	1	1	96	2	140	203	
21622	Tue Nov 28 10:31:52 2017	11	35	413::10	2253.59		0	0	0	0	0	0	0	0	0	1	1	1	1	198	4	140	204	
21622	Tue Nov 28 10:32:09 2017	11	36	513::10	2253.59		0	0	0	0	0	0	1	0	0	0	1	1	1	139	5	140	205	
21622	Tue Nov 28 10:32:27 2017	11	37	437::10	2253.59		1	0	0	0	0	0	1	0	0	0	1	1	0	125	4	140	206	
21622	Tue Nov 28 10:32:46 2017	11	38	293::10	2253.59		0	0	0	0	0	0	0	1	0	0	1	1	1	147	5	140	207	
