CLIENT	TRIALN	KEY	BASELINE	MAXLEUVEN	MAXV	REJECT	NON_RESPPONS	Stimulus	Total_Trial_Nr	practice	acq	DATE
'11/01/2018 12:15:39'	1	'ACT:PROB'	976666,667	697	7730000	0	0	0	1	1	0	1801111216
'11/01/2018 12:15:39'	2	'ACT:PROB'	1450000	679	5100000	0	0	7	2	1	0	1801111216
'11/01/2018 12:15:39'	3	'ACT:PROB'	1977619,048	649	5860000	1	0	0	3	1	0	1801111216
'11/01/2018 12:15:39'	4	'ACT:PROB'	619047,619	640	4400000	0	0	0	4	1	0	1801111216
'11/01/2018 12:15:39'	5	'ACT:PROB'	739047,619	601	5900000	0	0	0	5	1	0	1801111216
'11/01/2018 12:15:39'	6	'ACT:PROB'	591904,762	688	3290000	0	0	7	6	1	0	1801111216
'11/01/2018 12:15:39'	7	'ACT:PROB'	332380,952	677	6480000	0	0	7	7	1	0	1801111216
'11/01/2018 12:15:39'	8	'ACT:PROB'	517619,048	665	4870000	0	0	7	8	1	0	1801111216
'11/01/2018 12:15:39'	9	'ACT:PROB'	1807142,857	600	2790000	1	0	7	9	1	0	1801111216
'11/01/2018 12:15:39'	10	'ACT:PROB'	694761,905	622	4650000	0	0	7	10	1	0	1801111216
'11/01/2018 12:15:39'	11	'ACT:PROB'	562857,143	701	3850000	0	0	7	12	0	1	1801111216
'11/01/2018 12:15:39'	12	'ACT:PROB'	521428,571	681	5610000	0	0	7	14	0	1	1801111216
'11/01/2018 12:15:39'	13	'ACT:PROB'	161904,762	657	2360000	0	0	0	16	0	1	1801111216
'11/01/2018 12:15:39'	14	'ACT:PROB'	284285,714	725	3210000	0	0	7	18	0	1	1801111216
'11/01/2018 12:15:39'	15	'ACT:PROB'	155714,286	665	2350000	0	0	7	20	0	1	1801111216
'11/01/2018 12:15:39'	16	'ACT:PROB'	186190,476	661	2450000	0	0	7	22	0	1	1801111216
'11/01/2018 12:15:39'	17	'ACT:PROB'	342857,143	725	4120000	0	0	7	24	0	1	1801111216
'11/01/2018 12:15:39'	18	'ACT:PROB'	308095,238	724	3780000	0	0	4	26	0	0	1801111216
'11/01/2018 12:15:39'	19	'ACT:PROB'	169047,619	652	3220000	0	0	10	28	0	0	1801111216
'11/01/2018 12:15:39'	20	'ACT:PROB'	166190,476	673	4500000	0	0	9	30	0	0	1801111216
'11/01/2018 12:15:39'	21	'ACT:PROB'	230952,381	651	3950000	0	0	0	32	0	0	1801111216
'11/01/2018 12:15:39'	22	'ACT:PROB'	408571,429	632	2060000	0	0	5	33	0	0	1801111216
'11/01/2018 12:15:39'	23	'ACT:PROB'	704761,905	657	3170000	0	0	0	35	0	0	1801111216
'11/01/2018 12:15:39'	24	'ACT:PROB'	131904,762	674	2470000	0	0	6	37	0	0	1801111216
'11/01/2018 12:15:39'	25	'ACT:PROB'	1499047,619	664	2980000	1	0	8	39	0	0	1801111216
'11/01/2018 12:15:39'	26	'ACT:PROB'	302380,952	662	2990000	0	0	10	41	0	0	1801111216
'11/01/2018 12:15:39'	27	'ACT:PROB'	1082380,952	632	3010000	1	0	7	43	0	0	1801111216
'11/01/2018 12:15:39'	28	'ACT:PROB'	83333,333	694	2360000	0	0	7	45	0	0	1801111216
'11/01/2018 12:15:39'	29	'ACT:PROB'	177619,048	725	550000	0	0	4	47	0	0	1801111216
'11/01/2018 12:15:39'	30	'ACT:PROB'	816666,667	649	2180000	1	0	7	49	0	0	1801111216
'11/01/2018 12:15:39'	31	'ACT:PROB'	569523,81	667	3360000	0	0	5	51	0	0	1801111216
'11/01/2018 12:15:39'	32	'ACT:PROB'	192380,952	657	2030000	0	0	9	53	0	0	1801111216
'11/01/2018 12:15:39'	33	'ACT:PROB'	715714,286	663	3380000	1	0	6	55	0	0	1801111216
'11/01/2018 12:15:39'	34	'ACT:PROB'	882857,143	620	3050000	1	0	8	57	0	0	1801111216
'11/01/2018 12:15:39'	35	'ACT:PROB'	182380,952	633	1910000	0	0	7	59	0	0	1801111216
'11/01/2018 12:15:39'	36	'ACT:PROB'	198095,238	685	4570000	0	0	7	64	0	1	1801111216
'11/01/2018 12:15:39'	37	'ACT:PROB'	560476,19	655	2100000	1	0	7	68	0	1	1801111216
'11/01/2018 12:15:39'	38	'ACT:PROB'	96666,667	706	1960000	0	0	7	69	0	1	1801111216
'11/01/2018 12:15:39'	39	'ACT:PROB'	110952,381	660	430000	0	0	7	71	0	1	1801111216
'11/01/2018 12:15:39'	40	'ACT:PROB'	131428,571	675	2820000	0	0	4	74	0	0	1801111216
'11/01/2018 12:15:39'	41	'ACT:PROB'	145714,286	719	1690000	0	0	0	76	0	0	1801111216
'11/01/2018 12:15:39'	42	'ACT:PROB'	243333,333	695	3020000	0	0	7	78	0	0	1801111216
'11/01/2018 12:15:39'	43	'ACT:PROB'	259047,619	681	3210000	0	0	7	80	0	0	1801111216
'11/01/2018 12:15:39'	44	'ACT:PROB'	274761,905	686	1670000	0	0	10	82	0	0	1801111216
'11/01/2018 12:15:39'	45	'ACT:PROB'	463809,524	690	5680000	0	0	10	84	0	0	1801111216
'11/01/2018 12:15:39'	46	'ACT:PROB'	135714,286	625	2490000	0	0	0	85	0	0	1801111216
'11/01/2018 12:15:39'	47	'ACT:PROB'	1561428,571	653	1930000	1	0	6	87	0	0	1801111216
'11/01/2018 12:15:39'	48	'ACT:PROB'	133333,333	712	1160000	0	0	8	89	0	0	1801111216
'11/01/2018 12:15:39'	49	'ACT:PROB'	261428,571	725	600000	0	0	6	91	0	0	1801111216
'11/01/2018 12:15:39'	50	'ACT:PROB'	313333,333	663	3060000	0	0	7	93	0	0	1801111216
'11/01/2018 12:15:39'	51	'ACT:PROB'	110476,19	701	3330000	0	0	5	95	0	0	1801111216
'11/01/2018 12:15:39'	52	'ACT:PROB'	130476,19	650	3350000	0	0	9	97	0	0	1801111216
'11/01/2018 12:15:39'	53	'ACT:PROB'	140952,381	673	2430000	0	0	8	99	0	0	1801111216
'11/01/2018 12:15:39'	54	'ACT:PROB'	120952,381	614	220000	0	0	4	101	0	0	1801111216
'11/01/2018 12:15:39'	55	'ACT:PROB'	426666,667	671	3100000	0	0	7	103	0	0	1801111216
'11/01/2018 12:15:39'	56	'ACT:PROB'	101428,571	721	730000	0	0	9	105	0	0	1801111216
'11/01/2018 12:15:39'	57	'ACT:PROB'	390952,381	725	770000	0	0	5	107	0	0	1801111216
'11/01/2018 12:15:39'	58	'ACT:PROB'	1636666,667	655	3540000	1	0	7	112	0	1	1801111216
'11/01/2018 12:15:39'	59	'ACT:PROB'	133809,524	710	3220000	0	0	7	114	0	1	1801111216
'11/01/2018 12:15:39'	60	'ACT:PROB'	121428,571	725	2080000	0	0	7	116	0	1	1801111216
'11/01/2018 12:15:39'	61	'ACT:PROB'	255714,286	676	2480000	0	0	7	119	0	1	1801111216
'11/01/2018 12:15:39'	62	'ACT:PROB'	204761,905	675	2480000	0	0	7	122	0	0	1801111216
'11/01/2018 12:15:39'	63	'ACT:PROB'	623333,333	675	4430000	1	0	6	124	0	0	1801111216
'11/01/2018 12:15:39'	64	'ACT:PROB'	123333,333	658	3070000	0	0	10	126	0	0	1801111216
'11/01/2018 12:15:39'	65	'ACT:PROB'	95238,095	612	2390000	0	0	0	127	0	0	1801111216
'11/01/2018 12:15:39'	66	'ACT:PROB'	91904,762	645	2010000	0	0	5	129	0	0	1801111216
'11/01/2018 12:15:39'	67	'ACT:PROB'	86666,667	725	3180000	0	0	7	131	0	0	1801111216
'11/01/2018 12:15:39'	68	'ACT:PROB'	83333,333	725	270000	0	0	4	133	0	0	1801111216
'11/01/2018 12:15:39'	69	'ACT:PROB'	153809,524	656	2730000	0	0	8	135	0	0	1801111216
'11/01/2018 12:15:39'	70	'ACT:PROB'	86666,667	652	3050000	0	0	7	137	0	0	1801111216
'11/01/2018 12:15:39'	71	'ACT:PROB'	76666,667	706	2650000	0	0	9	139	0	0	1801111216
'11/01/2018 12:15:39'	72	'ACT:PROB'	378571,429	679	3720000	0	0	6	141	0	0	1801111216
'11/01/2018 12:15:39'	73	'ACT:PROB'	710476,19	621	9740000	1	0	8	143	0	0	1801111216
'11/01/2018 12:15:39'	74	'ACT:PROB'	138571,429	655	1400000	0	0	5	145	0	0	1801111216
'11/01/2018 12:15:39'	75	'ACT:PROB'	188095,238	647	2280000	0	0	9	147	0	0	1801111216
'11/01/2018 12:15:39'	76	'ACT:PROB'	95238,095	663	2160000	0	0	0	149	0	0	1801111216
'11/01/2018 12:15:39'	77	'ACT:PROB'	153809,524	707	2410000	0	0	10	151	0	0	1801111216
'11/01/2018 12:15:39'	78	'ACT:PROB'	94285,714	664	2950000	0	0	4	153	0	0	1801111216
'11/01/2018 12:15:39'	79	'ACT:PROB'	737142,857	649	2690000	0	0	7	155	0	0	1801111216
'11/01/2018 12:15:39'	80	'ACT:PROB'	166666,667	725	3760000	0	0	7	161	0	1	1801111216
'11/01/2018 12:15:39'	81	'ACT:PROB'	140000	673	1700000	0	0	7	165	0	1	1801111216
'11/01/2018 12:15:39'	82	'ACT:PROB'	287619,048	627	2790000	0	0	7	166	0	1	1801111216
'11/01/2018 12:15:39'	83	'ACT:PROB'	93333,333	647	2240000	0	0	7	169	0	1	1801111216
'11/01/2018 12:15:39'	84	'ACT:PROB'	113809,524	704	2480000	0	0	4	170	0	0	1801111216
'11/01/2018 12:15:39'	85	'ACT:PROB'	585714,286	641	1940000	0	0	6	172	0	0	1801111216
'11/01/2018 12:15:39'	86	'ACT:PROB'	157619,048	720	3820000	0	0	5	174	0	0	1801111216
'11/01/2018 12:15:39'	87	'ACT:PROB'	100952,381	668	2930000	0	0	7	176	0	0	1801111216
'11/01/2018 12:15:39'	88	'ACT:PROB'	140952,381	683	3700000	0	0	8	178	0	0	1801111216
'11/01/2018 12:15:39'	89	'ACT:PROB'	119047,619	724	1470000	0	0	4	180	0	0	1801111216
'11/01/2018 12:15:39'	90	'ACT:PROB'	202380,952	700	1800000	0	0	7	182	0	0	1801111216
'11/01/2018 12:15:39'	91	'ACT:PROB'	128571,429	671	2320000	0	0	6	184	0	0	1801111216
'11/01/2018 12:15:39'	92	'ACT:PROB'	1640952,381	700	3280000	1	0	9	186	0	0	1801111216
'11/01/2018 12:15:39'	93	'ACT:PROB'	1465714,286	679	2490000	1	0	10	188	0	0	1801111216
'11/01/2018 12:15:39'	94	'ACT:PROB'	98095,238	623	1070000	0	0	0	189	0	0	1801111216
'11/01/2018 12:15:39'	95	'ACT:PROB'	141904,762	674	1660000	0	0	0	191	0	0	1801111216
'11/01/2018 12:15:39'	96	'ACT:PROB'	156666,667	636	2290000	0	0	7	193	0	0	1801111216
'11/01/2018 12:15:39'	97	'ACT:PROB'	119523,81	725	1810000	0	0	8	195	0	0	1801111216
'11/01/2018 12:15:39'	98	'ACT:PROB'	105714,286	635	2220000	0	0	7	197	0	0	1801111216
'11/01/2018 12:15:39'	99	'ACT:PROB'	278095,238	648	1290000	0	0	5	199	0	0	1801111216
'11/01/2018 12:15:39'	100	'ACT:PROB'	193333,333	693	4280000	0	0	9	201	0	0	1801111216
'11/01/2018 12:15:39'	101	'ACT:PROB'	327142,857	667	1540000	0	0	10	203	0	0	1801111216
