CLIENT	TRIALN	KEY	BASELINE	MAXLEUVEN	MAXV	REJECT	NON_RESPPONS	Stimulus	Total_Trial_Nr	practice	acq	DATE
'11/01/2018 11:38:16'	1	'ACT:PROB'	592857,143	725	1220000	0	0	7	1	1	0	1801111139
'11/01/2018 11:38:16'	2	'ACT:PROB'	567619,048	631	14480000	0	0	0	2	1	0	1801111139
'11/01/2018 11:38:16'	3	'ACT:PROB'	604285,714	617	13290000	0	0	0	3	1	0	1801111139
'11/01/2018 11:38:16'	4	'ACT:PROB'	342857,143	618	13200000	0	0	0	4	1	0	1801111139
'11/01/2018 11:38:16'	5	'ACT:PROB'	545714,286	656	7460000	0	0	7	5	1	0	1801111139
'11/01/2018 11:38:16'	6	'ACT:PROB'	309523,81	631	13890000	0	0	0	6	1	0	1801111139
'11/01/2018 11:38:16'	7	'ACT:PROB'	223809,524	619	15850000	0	0	7	7	1	0	1801111139
'11/01/2018 11:38:16'	8	'ACT:PROB'	210476,19	642	12720000	0	0	7	8	1	0	1801111139
'11/01/2018 11:38:16'	9	'ACT:PROB'	215238,095	626	6420000	0	0	7	9	1	0	1801111139
'11/01/2018 11:38:16'	10	'ACT:PROB'	409047,619	632	1610000	1	0	7	10	1	0	1801111139
'11/01/2018 11:38:16'	11	'ACT:PROB'	181904,762	676	1720000	0	0	7	12	0	1	1801111139
'11/01/2018 11:38:16'	12	'ACT:PROB'	334285,714	694	6600000	0	0	7	14	0	1	1801111139
'11/01/2018 11:38:16'	13	'ACT:PROB'	398095,238	702	12440000	0	0	7	16	0	1	1801111139
'11/01/2018 11:38:16'	14	'ACT:PROB'	318571,429	660	1980000	0	0	0	18	0	1	1801111139
'11/01/2018 11:38:16'	15	'ACT:PROB'	401428,571	671	6140000	0	0	7	20	0	1	1801111139
'11/01/2018 11:38:16'	16	'ACT:PROB'	170952,381	661	14690000	0	0	7	22	0	1	1801111139
'11/01/2018 11:38:16'	17	'ACT:PROB'	459047,619	646	8330000	0	0	7	24	0	1	1801111139
'11/01/2018 11:38:16'	18	'ACT:PROB'	317142,857	656	9580000	0	0	7	27	0	0	1801111139
'11/01/2018 11:38:16'	19	'ACT:PROB'	165714,286	676	12100000	0	0	7	29	0	0	1801111139
'11/01/2018 11:38:16'	20	'ACT:PROB'	161428,571	677	8480000	0	0	9	31	0	0	1801111139
'11/01/2018 11:38:16'	21	'ACT:PROB'	243809,524	666	13850000	0	0	10	33	0	0	1801111139
'11/01/2018 11:38:16'	22	'ACT:PROB'	160476,19	701	2370000	0	0	8	35	0	0	1801111139
'11/01/2018 11:38:16'	23	'ACT:PROB'	855238,095	670	4820000	0	0	6	37	0	0	1801111139
'11/01/2018 11:38:16'	24	'ACT:PROB'	153809,524	648	2170000	0	0	4	39	0	0	1801111139
'11/01/2018 11:38:16'	25	'ACT:PROB'	232857,143	665	13170000	0	0	7	41	0	0	1801111139
'11/01/2018 11:38:16'	26	'ACT:PROB'	294761,905	620	1800000	0	0	0	42	0	0	1801111139
'11/01/2018 11:38:16'	27	'ACT:PROB'	201904,762	628	11240000	0	0	9	43	0	0	1801111139
'11/01/2018 11:38:16'	28	'ACT:PROB'	206666,667	653	7590000	0	0	10	45	0	0	1801111139
'11/01/2018 11:38:16'	29	'ACT:PROB'	140952,381	720	1990000	0	0	5	47	0	0	1801111139
'11/01/2018 11:38:16'	30	'ACT:PROB'	502857,143	687	5050000	0	0	6	49	0	0	1801111139
'11/01/2018 11:38:16'	31	'ACT:PROB'	156666,667	719	950000	0	0	8	51	0	0	1801111139
'11/01/2018 11:38:16'	32	'ACT:PROB'	183333,333	654	1170000	0	0	5	53	0	0	1801111139
'11/01/2018 11:38:16'	33	'ACT:PROB'	154761,905	673	1420000	0	0	7	55	0	0	1801111139
'11/01/2018 11:38:16'	34	'ACT:PROB'	148095,238	669	1780000	0	0	0	57	0	0	1801111139
'11/01/2018 11:38:16'	35	'ACT:PROB'	134761,905	674	2900000	0	0	4	59	0	0	1801111139
'11/01/2018 11:38:16'	36	'ACT:PROB'	119523,81	676	4510000	0	0	7	64	0	1	1801111139
'11/01/2018 11:38:16'	37	'ACT:PROB'	132380,952	685	3440000	0	0	7	66	0	1	1801111139
'11/01/2018 11:38:16'	38	'ACT:PROB'	165238,095	695	3870000	0	0	7	68	0	1	1801111139
'11/01/2018 11:38:16'	39	'ACT:PROB'	188095,238	677	14190000	0	0	7	72	0	1	1801111139
'11/01/2018 11:38:16'	40	'ACT:PROB'	341428,571	665	1530000	0	0	8	74	0	0	1801111139
'11/01/2018 11:38:16'	41	'ACT:PROB'	146666,667	678	1990000	0	0	10	76	0	0	1801111139
'11/01/2018 11:38:16'	42	'ACT:PROB'	150000	673	5960000	0	0	6	78	0	0	1801111139
'11/01/2018 11:38:16'	43	'ACT:PROB'	136190,476	671	16050000	0	0	4	80	0	0	1801111139
'11/01/2018 11:38:16'	44	'ACT:PROB'	213333,333	644	2340000	0	0	7	82	0	0	1801111139
'11/01/2018 11:38:16'	45	'ACT:PROB'	171904,762	677	1080000	0	0	0	84	0	0	1801111139
'11/01/2018 11:38:16'	46	'ACT:PROB'	161428,571	623	3170000	0	0	8	85	0	0	1801111139
'11/01/2018 11:38:16'	47	'ACT:PROB'	228571,429	662	5260000	0	0	9	87	0	0	1801111139
'11/01/2018 11:38:16'	48	'ACT:PROB'	179523,81	669	2000000	0	0	6	89	0	0	1801111139
'11/01/2018 11:38:16'	49	'ACT:PROB'	150952,381	678	1920000	0	0	9	91	0	0	1801111139
'11/01/2018 11:38:16'	50	'ACT:PROB'	214285,714	652	1270000	0	0	7	93	0	0	1801111139
'11/01/2018 11:38:16'	51	'ACT:PROB'	180000	716	2930000	0	0	5	95	0	0	1801111139
'11/01/2018 11:38:16'	52	'ACT:PROB'	151904,762	623	14370000	0	0	0	96	0	0	1801111139
'11/01/2018 11:38:16'	53	'ACT:PROB'	207619,048	622	16550000	0	0	10	97	0	0	1801111139
'11/01/2018 11:38:16'	54	'ACT:PROB'	143809,524	662	1180000	0	0	5	99	0	0	1801111139
'11/01/2018 11:38:16'	55	'ACT:PROB'	141904,762	661	1450000	0	0	7	101	0	0	1801111139
'11/01/2018 11:38:16'	56	'ACT:PROB'	609047,619	649	2930000	1	0	4	103	0	0	1801111139
'11/01/2018 11:38:16'	57	'ACT:PROB'	164285,714	677	10030000	0	0	7	105	0	0	1801111139
'11/01/2018 11:38:16'	58	'ACT:PROB'	149047,619	638	2170000	0	0	7	112	0	1	1801111139
'11/01/2018 11:38:16'	59	'ACT:PROB'	128095,238	645	10160000	0	0	7	114	0	1	1801111139
'11/01/2018 11:38:16'	60	'ACT:PROB'	110952,381	623	4250000	0	0	7	115	0	1	1801111139
'11/01/2018 11:38:16'	61	'ACT:PROB'	152380,952	683	7130000	0	0	7	118	0	1	1801111139
'11/01/2018 11:38:16'	62	'ACT:PROB'	133809,524	684	3230000	0	0	6	123	0	0	1801111139
'11/01/2018 11:38:16'	63	'ACT:PROB'	129523,81	672	9340000	0	0	5	125	0	0	1801111139
'11/01/2018 11:38:16'	64	'ACT:PROB'	142380,952	639	2450000	0	0	7	127	0	0	1801111139
'11/01/2018 11:38:16'	65	'ACT:PROB'	248571,429	676	10690000	0	0	8	129	0	0	1801111139
'11/01/2018 11:38:16'	66	'ACT:PROB'	174761,905	654	1360000	0	0	4	131	0	0	1801111139
'11/01/2018 11:38:16'	67	'ACT:PROB'	167619,048	692	8600000	0	0	5	133	0	0	1801111139
'11/01/2018 11:38:16'	68	'ACT:PROB'	194761,905	706	1700000	0	0	10	135	0	0	1801111139
'11/01/2018 11:38:16'	69	'ACT:PROB'	187619,048	688	3840000	0	0	7	137	0	0	1801111139
'11/01/2018 11:38:16'	70	'ACT:PROB'	139047,619	724	840000	0	0	9	139	0	0	1801111139
'11/01/2018 11:38:16'	71	'ACT:PROB'	200476,19	705	2460000	0	0	7	141	0	0	1801111139
'11/01/2018 11:38:16'	72	'ACT:PROB'	149523,81	676	12680000	0	0	8	143	0	0	1801111139
'11/01/2018 11:38:16'	73	'ACT:PROB'	414285,714	676	1040000	0	0	9	145	0	0	1801111139
'11/01/2018 11:38:16'	74	'ACT:PROB'	124285,714	615	1170000	0	0	0	146	0	0	1801111139
'11/01/2018 11:38:16'	75	'ACT:PROB'	234761,905	625	2260000	0	0	7	147	0	0	1801111139
'11/01/2018 11:38:16'	76	'ACT:PROB'	170000	659	15480000	0	0	6	149	0	0	1801111139
'11/01/2018 11:38:16'	77	'ACT:PROB'	177142,857	639	830000	0	0	0	151	0	0	1801111139
'11/01/2018 11:38:16'	78	'ACT:PROB'	269047,619	681	510000	0	0	10	153	0	0	1801111139
'11/01/2018 11:38:16'	79	'ACT:PROB'	117619,048	661	730000	0	0	4	155	0	0	1801111139
'11/01/2018 11:38:16'	80	'ACT:PROB'	169523,81	660	9480000	0	0	7	160	0	1	1801111139
'11/01/2018 11:38:16'	81	'ACT:PROB'	131904,762	680	10940000	0	0	7	162	0	1	1801111139
'11/01/2018 11:38:16'	82	'ACT:PROB'	217142,857	662	2730000	0	0	7	167	0	1	1801111139
'11/01/2018 11:38:16'	83	'ACT:PROB'	156190,476	658	8780000	0	0	7	169	0	1	1801111139
'11/01/2018 11:38:16'	84	'ACT:PROB'	155714,286	619	2330000	0	0	5	170	0	0	1801111139
'11/01/2018 11:38:16'	85	'ACT:PROB'	177142,857	678	9960000	0	0	10	172	0	0	1801111139
'11/01/2018 11:38:16'	86	'ACT:PROB'	267142,857	674	2260000	0	0	9	174	0	0	1801111139
'11/01/2018 11:38:16'	87	'ACT:PROB'	258571,429	624	840000	0	0	0	175	0	0	1801111139
'11/01/2018 11:38:16'	88	'ACT:PROB'	159047,619	680	5170000	0	0	7	177	0	0	1801111139
'11/01/2018 11:38:16'	89	'ACT:PROB'	330000	709	1580000	0	0	0	179	0	0	1801111139
'11/01/2018 11:38:16'	90	'ACT:PROB'	168095,238	629	7440000	0	0	8	180	0	0	1801111139
'11/01/2018 11:38:16'	91	'ACT:PROB'	243333,333	678	3170000	0	0	7	182	0	0	1801111139
'11/01/2018 11:38:16'	92	'ACT:PROB'	125714,286	684	2350000	0	0	5	184	0	0	1801111139
'11/01/2018 11:38:16'	93	'ACT:PROB'	209523,81	678	9140000	0	0	7	186	0	0	1801111139
'11/01/2018 11:38:16'	94	'ACT:PROB'	191428,571	663	1870000	0	0	10	188	0	0	1801111139
'11/01/2018 11:38:16'	95	'ACT:PROB'	176190,476	682	8440000	0	0	9	190	0	0	1801111139
'11/01/2018 11:38:16'	96	'ACT:PROB'	220952,381	645	5050000	0	0	4	192	0	0	1801111139
'11/01/2018 11:38:16'	97	'ACT:PROB'	289523,81	670	1960000	0	0	8	194	0	0	1801111139
'11/01/2018 11:38:16'	98	'ACT:PROB'	357619,048	663	2260000	0	0	6	196	0	0	1801111139
'11/01/2018 11:38:16'	99	'ACT:PROB'	252857,143	675	2130000	0	0	6	198	0	0	1801111139
'11/01/2018 11:38:16'	100	'ACT:PROB'	236666,667	676	1010000	0	0	4	200	0	0	1801111139
'11/01/2018 11:38:16'	101	'ACT:PROB'	201428,571	671	2390000	0	0	7	202	0	0	1801111139
