version	timestamp	block number	trial number	lost msec	free VRAM	trial contents	US	Startle_Circle	Startle_ITI	C1	C2	C3	C5	C4	C6	C7	C8	C9	C10	No_Startle	Generalization_Block	No_US	Size	US_expect	Resp_Rev	US_Intensity	Total_trial_nr	group	
21622	Fri Nov 03 11:09:41 2017	2	1	84::78	2249.14		0	0	1	0	0	0	0	0	0	0	0	0	0	0	0	1	999			400	1	1	
21622	Fri Nov 03 11:09:49 2017	2	2	0::1	2249.14		0	0	1	0	0	0	0	0	0	0	0	0	0	0	0	1	999			400	2	1	
21622	Fri Nov 03 11:09:56 2017	2	3	127::10	2249.14		0	1	0	1	0	0	0	0	0	0	0	0	0	0	0	1	999	2		400	3	1	
21622	Fri Nov 03 11:10:13 2017	2	4	117::11	2249.14		0	1	0	1	0	0	0	0	0	0	0	0	0	0	0	1	999	2		400	4	1	
21622	Fri Nov 03 11:10:32 2017	2	5	149::12	2249.14		0	1	0	0	0	0	0	0	0	0	0	0	1	0	0	1	50	3		400	5	1	
21622	Fri Nov 03 11:10:50 2017	2	6	0::1	2249.14		0	0	1	0	0	0	0	0	0	0	0	0	0	0	0	1	999			400	6	1	
21622	Fri Nov 03 11:10:59 2017	2	7	152::10	2249.14		0	1	0	0	0	0	0	0	0	0	0	0	1	0	0	1	49	3		400	7	1	
21622	Fri Nov 03 11:11:19 2017	2	8	0::1	2249.14		0	0	1	0	0	0	0	0	0	0	0	0	0	0	0	1	999			400	8	1	
21622	Fri Nov 03 11:11:29 2017	2	9	205::10	2249.14		0	1	0	1	0	0	0	0	0	0	0	0	0	0	0	1	20	2		400	9	1	
21622	Fri Nov 03 11:11:48 2017	2	10	9::5	2249.14		0	1	0	0	0	0	0	0	0	0	0	0	1	0	0	1	999	999		400	10	1	
21622	Fri Nov 03 11:13:20 2017	3	1	246::10	2249.14		0	0	0	0	0	0	0	0	0	0	0	0	1	1	0	1	50	1		400	11	1	
21622	Fri Nov 03 11:13:40 2017	3	2	327::10	2249.14		0	1	0	0	0	0	0	0	0	0	0	0	1	0	0	1	40	1		400	12	1	
21622	Fri Nov 03 11:13:59 2017	3	3	220::10	2249.14		0	0	0	1	0	0	0	0	0	0	0	0	0	1	0	1	19	1		400	13	1	
21622	Fri Nov 03 11:14:17 2017	3	4	205::11	2249.14		0	1	0	0	0	0	0	0	0	0	0	0	1	0	0	1	59	1		400	14	1	
21622	Fri Nov 03 11:14:36 2017	3	5	210::11	2249.14		0	0	0	0	0	0	0	0	0	0	0	0	1	1	0	1	50	2		400	15	1	
21622	Fri Nov 03 11:14:54 2017	3	6	188::10	2249.14		1	1	0	1	0	0	0	0	0	0	0	0	0	0	0	0	20	2		400	16	1	
21622	Fri Nov 03 11:15:12 2017	3	7	179::11	2249.14		1	0	0	1	0	0	0	0	0	0	0	0	0	1	0	0	19	3		400	17	1	
21622	Fri Nov 03 11:15:32 2017	3	8	287::10	2249.14		0	1	0	0	0	0	0	0	0	0	0	0	1	0	0	1	60	3		400	18	1	
21622	Fri Nov 03 11:15:49 2017	3	9	158::10	2249.14		0	0	0	0	0	0	0	0	0	0	0	0	1	1	0	1	49	3		400	19	1	
21622	Fri Nov 03 11:16:07 2017	3	10	293::10	2249.14		1	1	0	1	0	0	0	0	0	0	0	0	0	0	0	0	20	4		400	20	1	
21622	Fri Nov 03 11:16:26 2017	3	11	101::10	2249.14		1	0	0	1	0	0	0	0	0	0	0	0	0	1	0	0	999	3		400	21	1	
21622	Fri Nov 03 11:16:45 2017	3	12	0::1	2249.14		0	0	1	0	0	0	0	0	0	0	0	0	0	0	0	1	999			400	22	1	
21622	Fri Nov 03 11:16:53 2017	3	13	204::10	2249.14		0	0	0	0	0	0	0	0	0	0	0	0	1	1	0	1	61	5		400	23	1	
21622	Fri Nov 03 11:17:11 2017	3	14	189::10	2249.14		0	1	0	1	0	0	0	0	0	0	0	0	0	0	0	1	20	5		400	24	1	
21622	Fri Nov 03 11:17:30 2017	3	15	184::10	2249.14		1	0	0	1	0	0	0	0	0	0	0	0	0	1	0	0	19	5		400	25	1	
21622	Fri Nov 03 11:17:48 2017	3	16	230::12	2249.14		0	1	0	0	0	0	0	0	0	0	0	0	1	0	0	1	59	5		400	26	1	
21622	Fri Nov 03 11:18:07 2017	3	17	207::11	2249.14		1	0	0	1	0	0	0	0	0	0	0	0	0	1	0	0	20	5		400	27	1	
21622	Fri Nov 03 11:18:25 2017	3	18	177::10	2249.14		0	1	0	0	0	0	0	0	0	0	0	0	1	0	0	1	61	6		400	28	1	
21622	Fri Nov 03 11:18:44 2017	3	19	221::10	2249.14		0	0	0	0	0	0	0	0	0	0	0	0	1	1	0	1	60	6		400	29	1	
21622	Fri Nov 03 11:19:01 2017	3	20	184::10	2249.14		1	1	0	1	0	0	0	0	0	0	0	0	0	0	0	0	20	8		400	30	1	
21622	Fri Nov 03 11:19:19 2017	3	21	206::10	2249.14		0	0	0	0	0	0	0	0	0	0	0	0	1	1	0	1	61	7		400	31	1	
21622	Fri Nov 03 11:19:36 2017	3	22	192::11	2249.14		1	1	0	1	0	0	0	0	0	0	0	0	0	0	0	0	20	8		400	32	1	
21622	Fri Nov 03 11:19:54 2017	3	23	183::10	2249.14		1	0	0	1	0	0	0	0	0	0	0	0	0	1	0	0	19	6		400	33	1	
21622	Fri Nov 03 11:20:13 2017	3	24	355::10	2249.14		0	0	0	0	0	0	0	0	0	0	0	0	1	1	0	1	60	9		400	34	1	
21622	Fri Nov 03 11:20:32 2017	3	25	189::10	2249.14		1	0	0	1	0	0	0	0	0	0	0	0	0	1	0	0	21	9		400	35	1	
21622	Fri Nov 03 11:20:51 2017	4	1	177::12	2249.14		0	1	0	0	0	0	0	0	0	0	0	1	0	0	1	1	62	9		400	36	1	
21622	Fri Nov 03 11:21:08 2017	4	2	205::10	2249.14		0	0	0	0	0	0	0	0	0	1	0	0	0	1	1	1	39	9		400	37	1	
21622	Fri Nov 03 11:21:26 2017	4	3	235::10	2249.14		0	1	0	0	0	1	0	0	0	0	0	0	0	0	1	1	30	9		400	38	1	
21622	Fri Nov 03 11:21:46 2017	4	4	188::10	2249.14		0	0	0	0	0	0	0	0	0	0	0	0	1	1	1	1	59	10		400	39	1	
21622	Fri Nov 03 11:22:05 2017	4	5	168::10	2249.14		0	1	0	1	0	0	0	0	0	0	0	0	0	0	1	1	18	10		400	40	1	
21622	Fri Nov 03 11:22:23 2017	4	6	174::10	2249.14		0	0	0	0	0	0	1	0	0	0	0	0	0	1	1	1	39	9		400	41	1	
21622	Fri Nov 03 11:22:42 2017	4	7	191::10	2249.14		0	1	0	0	0	0	0	0	0	0	0	0	1	0	1	1	61	9		400	42	1	
21622	Fri Nov 03 11:23:02 2017	4	8	257::10	2249.14		0	0	0	0	0	1	0	0	0	0	0	0	0	1	1	1	30	10		400	43	1	
21622	Fri Nov 03 11:23:20 2017	4	9	0::1	2249.14		0	0	1	0	0	0	0	0	0	0	0	0	0	0	1	1	999			400	44	1	
21622	Fri Nov 03 11:23:29 2017	4	10	342::10	2249.14		0	0	0	0	0	0	1	0	0	0	0	0	0	1	1	1	51	10		400	45	1	
21622	Fri Nov 03 11:23:49 2017	4	11	254::11	2249.14		0	1	0	0	0	0	0	0	0	1	0	0	0	0	1	1	50	10		400	46	1	
21622	Fri Nov 03 11:24:09 2017	4	12	388::10	2249.14		1	0	0	1	0	0	0	0	0	0	0	0	0	1	1	0	20	9		400	47	1	
21622	Fri Nov 03 11:24:27 2017	4	13	237::10	2249.14		0	1	0	0	0	0	0	0	0	0	0	0	1	0	1	1	60	10		400	48	1	
21622	Fri Nov 03 11:24:44 2017	4	14	314::10	2249.14		0	0	0	0	0	0	0	0	0	0	1	0	0	1	1	1	49	9		400	49	1	
21622	Fri Nov 03 11:25:04 2017	4	15	245::10	2249.14		0	1	0	0	0	0	0	0	0	0	0	1	0	0	1	1	61	9		400	50	1	
21622	Fri Nov 03 11:25:21 2017	4	16	190::11	2249.14		0	0	0	0	0	0	0	0	0	0	0	0	1	1	1	1	71	10		400	51	1	
21622	Fri Nov 03 11:25:41 2017	4	17	316::10	2249.14		1	1	0	1	0	0	0	0	0	0	0	0	0	0	1	0	21	10		400	52	1	
21622	Fri Nov 03 11:25:58 2017	4	18	359::10	2249.14		0	0	0	0	0	0	0	0	0	0	0	0	1	1	1	1	59	10		400	53	1	
21622	Fri Nov 03 11:26:16 2017	4	19	365::12	2249.14		0	1	0	0	0	0	0	1	0	0	0	0	0	0	1	1	38	10		400	54	1	
21622	Fri Nov 03 11:26:36 2017	4	20	293::10	2249.14		0	0	0	0	0	0	0	0	0	0	0	1	0	1	1	1	49	9		400	55	1	
21622	Fri Nov 03 11:26:53 2017	4	21	243::10	2249.14		0	1	0	0	0	0	0	1	0	0	0	0	0	0	1	1	30	9		400	56	1	
21622	Fri Nov 03 11:27:11 2017	4	22	231::10	2249.14		0	0	0	0	0	0	0	1	0	0	0	0	0	1	1	1	31	7		400	57	1	
21622	Fri Nov 03 11:27:30 2017	4	23	206::12	2249.14		0	1	0	0	0	0	0	0	0	0	1	0	0	0	1	1	49	9		400	58	1	
21622	Fri Nov 03 11:27:49 2017	4	24	274::11	2249.14		0	0	0	0	0	0	0	0	0	1	0	0	0	1	1	1	50	7		400	59	1	
21622	Fri Nov 03 11:28:08 2017	4	25	214::10	2249.14		0	1	0	0	0	0	0	0	1	0	0	0	0	0	1	1	40	6		400	60	1	
21622	Fri Nov 03 11:28:26 2017	4	26	227::10	2249.14		0	0	0	0	0	1	0	0	0	0	0	0	0	1	1	1	31	9		400	61	1	
21622	Fri Nov 03 11:28:45 2017	4	27	220::10	2249.14		0	1	0	0	1	0	0	0	0	0	0	0	0	0	1	1	20	8		400	62	1	
21622	Fri Nov 03 11:29:03 2017	4	28	222::10	2249.14		0	0	0	0	0	0	0	0	1	0	0	0	0	1	1	1	51	6		400	63	1	
21622	Fri Nov 03 11:29:21 2017	4	29	236::11	2249.14		0	1	0	0	0	0	0	0	0	0	0	0	1	0	1	1	59	7		400	64	1	
21622	Fri Nov 03 11:29:41 2017	4	30	340::10	2249.14		0	0	0	0	1	0	0	0	0	0	0	0	0	1	1	1	31	9		400	65	1	
21622	Fri Nov 03 11:29:59 2017	4	31	205::10	2249.14		0	1	0	0	0	0	0	0	0	0	0	0	1	0	1	1	60	9		400	66	1	
21622	Fri Nov 03 11:30:19 2017	4	32	226::10	2249.14		0	0	0	0	0	0	0	1	0	0	0	0	0	1	1	1	30	6		400	67	1	
21622	Fri Nov 03 11:30:36 2017	4	33	195::10	2249.14		0	1	0	0	0	0	1	0	0	0	0	0	0	0	1	1	39	10		400	68	1	
21622	Fri Nov 03 11:30:55 2017	4	34	237::10	2249.14		0	0	0	0	1	0	0	0	0	0	0	0	0	1	1	1	30	7		400	69	1	
21622	Fri Nov 03 11:31:14 2017	4	35	242::10	2249.14		0	1	0	0	0	0	0	0	0	0	1	0	0	0	1	1	60	9		400	70	1	
21622	Fri Nov 03 11:31:33 2017	4	36	220::10	2249.14		0	0	0	0	0	0	0	0	0	0	0	1	0	1	1	1	61	7		400	71	1	
21622	Fri Nov 03 11:31:50 2017	4	37	231::10	2249.14		1	1	0	1	0	0	0	0	0	0	0	0	0	0	1	0	19	7		400	72	1	
21622	Fri Nov 03 11:32:09 2017	4	38	242::10	2249.14		0	0	0	0	0	0	0	0	0	0	0	0	1	1	1	1	60	8		400	73	1	
21622	Fri Nov 03 11:32:28 2017	4	39	0::1	2249.14		0	0	1	0	0	0	0	0	0	0	0	0	0	0	1	1	999			400	74	1	
21622	Fri Nov 03 11:32:38 2017	4	40	180::10	2249.14		1	0	0	1	0	0	0	0	0	0	0	0	0	1	1	0	20	8		400	75	1	
21622	Fri Nov 03 11:32:57 2017	4	41	206::11	2249.14		0	1	0	0	0	1	0	0	0	0	0	0	0	0	1	1	40	10		400	76	1	
21622	Fri Nov 03 11:33:14 2017	4	42	268::10	2249.14		0	0	0	1	0	0	0	0	0	0	0	0	0	1	1	1	24	9		400	77	1	
21622	Fri Nov 03 11:33:31 2017	4	43	188::10	2249.14		0	1	0	0	0	0	0	0	1	0	0	0	0	0	1	1	50	6		400	78	1	
21622	Fri Nov 03 11:33:50 2017	4	44	221::10	2249.14		1	0	0	1	0	0	0	0	0	0	0	0	0	1	1	0	23	9		400	79	1	
21622	Fri Nov 03 11:34:09 2017	4	45	214::10	2249.14		0	1	0	0	0	0	0	0	0	1	0	0	0	0	1	1	60	9		400	80	1	
21622	Fri Nov 03 11:34:28 2017	4	46	215::11	2249.14		0	0	0	0	0	0	0	0	0	0	1	0	0	1	1	1	51	10		400	81	1	
21622	Fri Nov 03 11:34:47 2017	4	47	376::10	2249.14		0	1	0	0	0	0	1	0	0	0	0	0	0	0	1	1	40	7		400	82	1	
21622	Fri Nov 03 11:35:05 2017	4	48	255::10	2249.14		0	0	0	0	0	0	0	0	1	0	0	0	0	1	1	1	49	9		400	83	1	
21622	Fri Nov 03 11:35:23 2017	4	49	345::11	2249.14		1	1	0	1	0	0	0	0	0	0	0	0	0	0	1	0	20	7		400	84	1	
21622	Fri Nov 03 11:35:41 2017	4	50	400::10	2249.14		0	1	0	0	1	0	0	0	0	0	0	0	0	0	1	1	21	8		400	85	1	
21622	Fri Nov 03 11:39:02 2017	5	1	193::10	2249.14		1	0	0	1	0	0	0	0	0	0	0	0	0	1	1	0	20	3		400	86	1	
21622	Fri Nov 03 11:39:20 2017	5	2	180::12	2249.14		1	1	0	1	0	0	0	0	0	0	0	0	0	0	1	0	30	6		400	87	1	
21622	Fri Nov 03 11:39:37 2017	5	3	335::10	2249.14		1	0	0	1	0	0	0	0	0	0	0	0	0	1	1	0	21	9		400	88	1	
21622	Fri Nov 03 11:39:54 2017	5	4	226::10	2249.14		1	1	0	1	0	0	0	0	0	0	0	0	0	0	1	0	20	8		400	89	1	
21622	Fri Nov 03 11:40:14 2017	5	5	330::10	2249.14		1	0	0	1	0	0	0	0	0	0	0	0	0	1	1	0	29	9		400	90	1	
21622	Fri Nov 03 11:40:31 2017	5	6	220::10	2249.14		0	0	0	1	0	0	0	0	0	0	0	0	0	1	1	1	28	9		400	91	1	
21622	Fri Nov 03 11:40:50 2017	6	1	262::10	2249.14		0	0	0	0	0	0	0	0	0	0	0	1	0	1	1	1	51	10		400	92	1	
21622	Fri Nov 03 11:41:08 2017	6	2	330::10	2249.14		1	1	0	1	0	0	0	0	0	0	0	0	0	0	1	0	20	8		400	93	1	
21622	Fri Nov 03 11:41:27 2017	6	3	0::1	2249.14		0	0	1	0	0	0	0	0	0	0	0	0	0	0	1	1	999			400	94	1	
21622	Fri Nov 03 11:41:34 2017	6	4	269::10	2249.14		0	1	0	1	0	0	0	0	0	0	0	0	0	0	1	1	28	10		400	95	1	
21622	Fri Nov 03 11:41:53 2017	6	5	345::10	2249.14		0	0	0	0	0	0	0	0	1	0	0	0	0	1	1	1	48	8		400	96	1	
21622	Fri Nov 03 11:42:11 2017	6	6	216::11	2249.14		0	1	0	0	0	0	1	0	0	0	0	0	0	0	1	1	40	9		400	97	1	
21622	Fri Nov 03 11:42:28 2017	6	7	0::1	2249.14		0	0	1	0	0	0	0	0	0	0	0	0	0	0	1	1	999			400	98	1	
21622	Fri Nov 03 11:42:36 2017	6	8	204::12	2249.14		0	1	0	0	0	1	0	0	0	0	0	0	0	0	1	1	31	8		400	99	1	
21622	Fri Nov 03 11:42:55 2017	6	9	234::10	2249.14		0	0	0	0	0	1	0	0	0	0	0	0	0	1	1	1	31	9		400	100	1	
21622	Fri Nov 03 11:43:13 2017	6	10	224::10	2249.14		0	1	0	0	0	0	0	0	1	0	0	0	0	0	1	1	49	8		400	101	1	
21622	Fri Nov 03 11:43:32 2017	6	11	437::10	2249.14		0	0	0	0	0	0	0	1	0	0	0	0	0	1	1	1	40	7		400	102	1	
21622	Fri Nov 03 11:43:50 2017	6	12	271::12	2249.14		0	1	0	0	0	0	0	0	0	0	0	1	0	0	1	1	69	7		400	103	1	
21622	Fri Nov 03 11:44:08 2017	6	13	216::11	2249.14		0	0	0	0	0	0	0	0	0	0	1	0	0	1	1	1	59	9		400	104	1	
21622	Fri Nov 03 11:44:28 2017	6	14	252::10	2249.14		0	1	0	0	0	0	0	0	0	1	0	0	0	0	1	1	51	7		400	105	1	
21622	Fri Nov 03 11:44:47 2017	6	15	227::10	2249.14		0	0	0	0	0	0	0	0	0	0	0	0	1	1	1	1	69	7		400	106	1	
21622	Fri Nov 03 11:45:07 2017	6	16	545::10	2249.14		0	1	0	0	0	0	0	0	0	1	0	0	0	0	1	1	53	9		400	107	1	
21622	Fri Nov 03 11:45:27 2017	6	17	227::10	2249.14		0	0	0	0	0	0	0	0	0	1	0	0	0	1	1	1	50	7		400	108	1	
21622	Fri Nov 03 11:45:44 2017	6	18	233::11	2249.14		0	1	0	0	0	0	0	0	0	0	1	0	0	0	1	1	59	10		400	109	1	
21622	Fri Nov 03 11:46:01 2017	6	19	236::10	2249.14		0	0	0	1	0	0	0	0	0	0	0	0	0	1	1	1	19	8		400	110	1	
21622	Fri Nov 03 11:46:20 2017	6	20	298::11	2249.14		0	1	0	0	0	0	0	0	1	0	0	0	0	0	1	1	50	7		400	111	1	
21622	Fri Nov 03 11:46:40 2017	6	21	451::10	2249.14		0	0	0	0	0	0	1	0	0	0	0	0	0	1	1	1	40	6		400	112	1	
21622	Fri Nov 03 11:46:59 2017	6	22	180::10	2249.14		0	1	0	0	1	0	0	0	0	0	0	0	0	0	1	1	29	10		400	113	1	
21622	Fri Nov 03 11:47:17 2017	6	23	426::11	2249.14		0	0	0	0	0	0	0	0	0	0	0	0	1	1	1	1	70	8		400	114	1	
21622	Fri Nov 03 11:47:36 2017	6	24	177::10	2249.14		0	1	0	0	0	0	0	0	0	0	1	0	0	0	1	1	61	7		400	115	1	
21622	Fri Nov 03 11:47:54 2017	6	25	314::10	2249.14		0	0	0	0	0	0	0	0	0	0	0	0	1	1	1	1	71	6		400	116	1	
21622	Fri Nov 03 11:48:12 2017	6	26	342::10	2249.14		1	1	0	1	0	0	0	0	0	0	0	0	0	0	1	0	19	7		400	117	1	
21622	Fri Nov 03 11:48:31 2017	6	27	214::10	2249.14		0	0	0	0	0	0	0	0	1	0	0	0	0	1	1	1	50	10		400	118	1	
21622	Fri Nov 03 11:48:50 2017	6	28	451::10	2249.14		0	1	0	0	0	0	0	0	0	0	0	0	1	0	1	1	60	10		400	119	1	
21622	Fri Nov 03 11:49:09 2017	6	29	237::10	2249.14		0	0	0	0	0	0	0	0	0	0	0	1	0	1	1	1	60	8		400	120	1	
21622	Fri Nov 03 11:49:28 2017	6	30	173::12	2249.14		0	1	0	0	0	0	0	1	0	0	0	0	0	0	1	1	39	10		400	121	1	
21622	Fri Nov 03 11:49:46 2017	6	31	263::11	2249.14		1	0	0	1	0	0	0	0	0	0	0	0	0	1	1	0	27	7		400	122	1	
21622	Fri Nov 03 11:50:04 2017	6	32	444::10	2249.14		0	1	0	0	0	1	0	0	0	0	0	0	0	0	1	1	29	10		400	123	1	
21622	Fri Nov 03 11:50:23 2017	6	33	248::10	2249.14		0	0	0	0	0	1	0	0	0	0	0	0	0	1	1	1	30	9		400	124	1	
21622	Fri Nov 03 11:50:42 2017	6	34	227::10	2249.14		0	1	0	0	0	0	0	0	0	0	0	1	0	0	1	1	70	10		400	125	1	
21622	Fri Nov 03 11:50:59 2017	6	35	235::10	2249.14		0	0	0	0	0	0	1	0	0	0	0	0	0	1	1	1	39	7		400	126	1	
21622	Fri Nov 03 11:51:17 2017	6	36	239::11	2249.14		0	1	0	0	0	0	0	0	0	0	0	0	1	0	1	1	60	10		400	127	1	
21622	Fri Nov 03 11:51:34 2017	6	37	300::10	2249.14		0	0	0	0	0	0	0	1	0	0	0	0	0	1	1	1	39	9		400	128	1	
21622	Fri Nov 03 11:51:53 2017	6	38	211::10	2249.14		0	1	0	0	0	0	0	0	0	0	0	0	1	0	1	1	70	10		400	129	1	
21622	Fri Nov 03 11:52:13 2017	6	39	231::10	2249.14		0	0	0	0	0	0	0	0	0	0	0	0	1	1	1	1	61	9		400	130	1	
21622	Fri Nov 03 11:52:31 2017	6	40	332::10	2249.14		1	1	0	1	0	0	0	0	0	0	0	0	0	0	1	0	21	10		400	131	1	
21622	Fri Nov 03 11:52:48 2017	6	41	211::11	2249.14		1	0	0	1	0	0	0	0	0	0	0	0	0	1	1	0	21	9		400	132	1	
21622	Fri Nov 03 11:53:06 2017	6	42	247::10	2249.14		0	1	0	0	0	0	1	0	0	0	0	0	0	0	1	1	49	10		400	133	1	
21622	Fri Nov 03 11:53:25 2017	6	43	174::10	2249.14		0	0	0	0	1	0	0	0	0	0	0	0	0	1	1	1	31	10		400	134	1	
21622	Fri Nov 03 11:53:45 2017	6	44	359::11	2249.14		0	1	0	0	1	0	0	0	0	0	0	0	0	0	1	1	29	9		400	135	1	
21622	Fri Nov 03 11:54:02 2017	6	45	405::10	2249.14		0	0	0	0	0	0	0	0	0	0	1	0	0	1	1	1	58	10		400	136	1	
21622	Fri Nov 03 11:54:20 2017	6	46	516::10	2249.14		0	1	0	0	0	0	0	1	0	0	0	0	0	0	1	1	31	7		400	137	1	
21622	Fri Nov 03 11:54:38 2017	6	47	204::10	2249.14		0	0	0	0	0	0	0	0	0	1	0	0	0	1	1	1	58	10		400	138	1	
21622	Fri Nov 03 11:54:57 2017	6	48	356::10	2249.14		0	1	0	0	0	0	0	0	0	0	0	0	1	0	1	1	70	9		400	139	1	
21622	Fri Nov 03 11:55:16 2017	6	49	118::6	2249.14		1	0	0	1	0	0	0	0	0	0	0	0	0	1	1	0	21	999		400	140	1	
21622	Fri Nov 03 11:55:36 2017	6	50	260::10	2249.14		0	0	0	0	1	0	0	0	0	0	0	0	0	1	1	1	31	8		400	141	1	
21622	Fri Nov 03 11:58:14 2017	8	1	200::11	2249.14		1	0	0	1	0	0	0	0	0	0	0	0	0	1	1	0	20	6		400	142	1	
21622	Fri Nov 03 11:58:33 2017	8	2	345::10	2249.14		0	0	0	1	0	0	0	0	0	0	0	0	0	1	1	1	29	8		400	143	1	
21622	Fri Nov 03 11:58:51 2017	8	3	174::10	2249.14		1	0	0	1	0	0	0	0	0	0	0	0	0	1	1	0	29	8		400	144	1	
21622	Fri Nov 03 11:59:08 2017	8	4	253::10	2249.14		1	0	0	1	0	0	0	0	0	0	0	0	0	1	1	0	29	7		400	145	1	
21622	Fri Nov 03 11:59:27 2017	8	5	293::10	2249.14		1	1	0	1	0	0	0	0	0	0	0	0	0	0	1	0	30	10		400	146	1	
21622	Fri Nov 03 11:59:47 2017	8	6	325::11	2249.14		1	1	0	1	0	0	0	0	0	0	0	0	0	0	1	0	29	10		400	147	1	
21622	Fri Nov 03 12:00:07 2017	9	1	221::10	2249.14		0	1	0	0	0	0	0	0	1	0	0	0	0	0	1	1	50	10		400	148	1	
21622	Fri Nov 03 12:00:25 2017	9	2	276::11	2249.14		0	0	0	0	0	1	0	0	0	0	0	0	0	1	1	1	40	10		400	149	1	
21622	Fri Nov 03 12:00:44 2017	9	3	267::10	2249.14		0	1	0	0	1	0	0	0	0	0	0	0	0	0	1	1	31	10		400	150	1	
21622	Fri Nov 03 12:01:03 2017	9	4	318::10	2249.14		0	0	0	0	0	0	1	0	0	0	0	0	0	1	1	1	40	10		400	151	1	
21622	Fri Nov 03 12:01:21 2017	9	5	235::11	2249.14		0	1	0	0	0	0	0	1	0	0	0	0	0	0	1	1	39	9		400	152	1	
21622	Fri Nov 03 12:01:40 2017	9	6	231::10	2249.14		0	0	0	1	0	0	0	0	0	0	0	0	0	1	1	1	29	10		400	153	1	
21622	Fri Nov 03 12:02:00 2017	9	7	252::10	2249.14		0	1	0	0	0	0	0	0	0	0	0	1	0	0	1	1	70	9		400	154	1	
21622	Fri Nov 03 12:02:18 2017	9	8	301::10	2249.14		0	0	0	0	1	0	0	0	0	0	0	0	0	1	1	1	29	10		400	155	1	
21622	Fri Nov 03 12:02:38 2017	9	9	226::12	2249.14		0	1	0	0	0	0	0	0	0	0	0	0	1	0	1	1	72	10		400	156	1	
21622	Fri Nov 03 12:02:56 2017	9	10	378::11	2249.14		1	0	0	1	0	0	0	0	0	0	0	0	0	1	1	0	21	9		400	157	1	
21622	Fri Nov 03 12:03:14 2017	9	11	402::10	2249.14		0	1	0	0	0	0	0	0	0	0	1	0	0	0	1	1	50	10		400	158	1	
21622	Fri Nov 03 12:03:31 2017	9	12	144::10	2249.14		0	0	0	0	1	0	0	0	0	0	0	0	0	1	1	1	999	10		400	159	1	
21622	Fri Nov 03 12:03:50 2017	9	13	222::10	2249.14		0	1	0	0	0	0	0	1	0	0	0	0	0	0	1	1	40	7		400	160	1	
21622	Fri Nov 03 12:04:08 2017	9	14	0::1	2249.14		0	0	1	0	0	0	0	0	0	0	0	0	0	0	1	1	999			400	161	1	
21622	Fri Nov 03 12:04:17 2017	9	15	346::10	2249.14		0	1	0	0	0	1	0	0	0	0	0	0	0	0	1	1	41	10		400	162	1	
21622	Fri Nov 03 12:04:36 2017	9	16	232::10	2249.14		0	0	0	0	0	0	0	0	0	1	0	0	0	1	1	1	49	9		400	163	1	
21622	Fri Nov 03 12:04:54 2017	9	17	221::10	2249.14		0	1	0	0	0	0	1	0	0	0	0	0	0	0	1	1	41	8		400	164	1	
21622	Fri Nov 03 12:05:14 2017	9	18	221::10	2249.14		0	0	0	0	0	0	0	0	1	0	0	0	0	1	1	1	50	10		400	165	1	
21622	Fri Nov 03 12:05:31 2017	9	19	206::10	2249.14		0	1	0	0	0	0	0	0	0	1	0	0	0	0	1	1	50	9		400	166	1	
21622	Fri Nov 03 12:05:51 2017	9	20	340::10	2249.14		0	0	0	0	0	0	0	0	0	0	0	1	0	1	1	1	49	10		400	167	1	
21622	Fri Nov 03 12:06:09 2017	9	21	230::10	2249.14		0	1	0	0	1	0	0	0	0	0	0	0	0	0	1	1	29	10		400	168	1	
21622	Fri Nov 03 12:06:26 2017	9	22	563::11	2249.14		0	0	0	0	0	0	0	0	0	0	0	0	1	1	1	1	70	9		400	169	1	
21622	Fri Nov 03 12:06:43 2017	9	23	264::10	2249.14		1	1	0	1	0	0	0	0	0	0	0	0	0	0	1	0	30	10		400	170	1	
21622	Fri Nov 03 12:07:02 2017	9	24	227::11	2249.14		1	0	0	1	0	0	0	0	0	0	0	0	0	1	1	0	20	10		400	171	1	
21622	Fri Nov 03 12:07:22 2017	9	25	267::10	2249.14		0	1	0	0	0	0	0	0	0	0	0	0	1	0	1	1	70	10		400	172	1	
21622	Fri Nov 03 12:07:40 2017	9	26	274::10	2249.14		0	0	0	0	0	0	0	0	0	0	1	0	0	1	1	1	50	9		400	173	1	
21622	Fri Nov 03 12:08:00 2017	9	27	187::11	2249.14		0	1	0	0	0	0	1	0	0	0	0	0	0	0	1	1	39	10		400	174	1	
21622	Fri Nov 03 12:08:18 2017	9	28	257::10	2249.14		0	0	0	0	0	0	1	0	0	0	0	0	0	1	1	1	41	10		400	175	1	
21622	Fri Nov 03 12:08:36 2017	9	29	330::11	2249.14		1	1	0	1	0	0	0	0	0	0	0	0	0	0	1	0	20	10		400	176	1	
21622	Fri Nov 03 12:08:55 2017	9	30	393::11	2249.14		0	0	0	0	0	1	0	0	0	0	0	0	0	1	1	1	40	10		400	177	1	
21622	Fri Nov 03 12:09:12 2017	9	31	348::10	2249.14		0	1	0	0	0	0	0	0	0	0	0	0	1	0	1	1	71	10		400	178	1	
21622	Fri Nov 03 12:09:30 2017	9	32	254::11	2249.14		0	0	0	0	0	0	0	0	0	0	0	0	1	1	1	1	71	9		400	179	1	
21622	Fri Nov 03 12:09:50 2017	9	33	308::10	2249.14		0	1	0	0	0	0	0	0	0	1	0	0	0	0	1	1	50	10		400	180	1	
21622	Fri Nov 03 12:10:09 2017	9	34	274::10	2249.14		0	0	0	0	0	0	0	1	0	0	0	0	0	1	1	1	50	10		400	181	1	
21622	Fri Nov 03 12:10:27 2017	9	35	135::10	2249.14		0	1	0	0	0	0	0	0	0	0	0	1	0	0	1	1	999	10		400	182	1	
21622	Fri Nov 03 12:10:44 2017	9	36	284::10	2249.14		0	0	0	0	0	0	0	0	0	1	0	0	0	1	1	1	50	9		400	183	1	
21622	Fri Nov 03 12:11:03 2017	9	37	204::10	2249.14		0	1	0	0	0	0	0	0	1	0	0	0	0	0	1	1	41	9		400	184	1	
21622	Fri Nov 03 12:11:23 2017	9	38	355::10	2249.14		1	0	0	1	0	0	0	0	0	0	0	0	0	1	1	0	29	10		400	185	1	
21622	Fri Nov 03 12:11:42 2017	9	39	482::10	2249.14		0	1	0	1	0	0	0	0	0	0	0	0	0	0	1	1	19	10		400	186	1	
21622	Fri Nov 03 12:12:00 2017	9	40	301::11	2249.14		0	0	0	0	0	0	0	0	0	0	0	0	1	1	1	1	71	10		400	187	1	
21622	Fri Nov 03 12:12:20 2017	9	41	351::10	2249.14		0	1	0	0	0	0	0	0	0	0	1	0	0	0	1	1	61	9		400	188	1	
21622	Fri Nov 03 12:12:37 2017	9	42	523::11	2249.14		0	0	0	0	0	0	0	0	0	0	0	0	1	1	1	1	60	10		400	189	1	
21622	Fri Nov 03 12:12:57 2017	9	43	263::10	2249.14		0	1	0	0	0	1	0	0	0	0	0	0	0	0	1	1	31	10		400	190	1	
21622	Fri Nov 03 12:13:14 2017	9	44	350::10	2249.14		0	0	0	0	0	0	0	0	0	0	1	0	0	1	1	1	60	10		400	191	1	
21622	Fri Nov 03 12:13:32 2017	9	45	249::11	2249.14		0	1	0	0	0	0	0	0	0	0	0	0	1	0	1	1	60	9		400	192	1	
21622	Fri Nov 03 12:13:49 2017	9	46	392::10	2249.14		0	0	0	0	0	0	0	0	1	0	0	0	0	1	1	1	50	10		400	193	1	
21622	Fri Nov 03 12:14:07 2017	9	47	207::10	2249.14		1	1	0	1	0	0	0	0	0	0	0	0	0	0	1	0	21	8		400	194	1	
21622	Fri Nov 03 12:14:26 2017	9	48	365::10	2249.14		0	0	0	0	0	0	0	0	0	0	0	1	0	1	1	1	60	10		400	195	1	
21622	Fri Nov 03 12:14:44 2017	9	49	0::1	2249.14		0	0	1	0	0	0	0	0	0	0	0	0	0	0	1	1	999			400	196	1	
21622	Fri Nov 03 12:14:52 2017	9	50	178::10	2249.14		0	0	0	0	0	0	0	1	0	0	0	0	0	1	1	1	39	10		400	197	1	
