CLIENT	TRIALN	KEY	BASELINE	MAXLEUVEN	MAXV	REJECT	NON_RESPPONS	Stimulus	Total_Trial_Nr	practice	acq	DATE
'11/01/2018 10:43:32'	1	'ACT:PROB'	567619,048	683	5620000	1	0	0	1	1	0	1801111044
'11/01/2018 10:43:32'	2	'ACT:PROB'	396666,667	609	8600000	0	0	7	2	1	0	1801111044
'11/01/2018 10:43:32'	3	'ACT:PROB'	763333,333	671	7050000	0	0	7	3	1	0	1801111044
'11/01/2018 10:43:32'	4	'ACT:PROB'	425238,095	608	8850000	0	0	0	4	1	0	1801111044
'11/01/2018 10:43:32'	5	'ACT:PROB'	1461904,762	656	4300000	1	0	7	5	1	0	1801111044
'11/01/2018 10:43:32'	6	'ACT:PROB'	786190,476	618	7180000	0	0	7	6	1	0	1801111044
'11/01/2018 10:43:32'	7	'ACT:PROB'	1015714,286	614	7010000	0	0	0	7	1	0	1801111044
'11/01/2018 10:43:32'	8	'ACT:PROB'	522380,952	631	8900000	0	0	7	8	1	0	1801111044
'11/01/2018 10:43:32'	9	'ACT:PROB'	573333,333	612	5420000	0	0	7	9	1	0	1801111044
'11/01/2018 10:43:32'	10	'ACT:PROB'	420000	613	2490000	0	0	0	10	1	0	1801111044
'11/01/2018 10:43:32'	11	'ACT:PROB'	254761,905	664	7480000	0	0	7	12	0	1	1801111044
'11/01/2018 10:43:32'	12	'ACT:PROB'	943809,524	724	7340000	0	0	7	14	0	1	1801111044
'11/01/2018 10:43:32'	13	'ACT:PROB'	298095,238	645	5210000	0	0	7	16	0	1	1801111044
'11/01/2018 10:43:32'	14	'ACT:PROB'	1538571,429	636	9960000	1	0	7	18	0	1	1801111044
'11/01/2018 10:43:32'	15	'ACT:PROB'	511428,571	634	6010000	0	0	0	20	0	1	1801111044
'11/01/2018 10:43:32'	16	'ACT:PROB'	152380,952	725	2940000	0	0	7	22	0	1	1801111044
'11/01/2018 10:43:32'	17	'ACT:PROB'	364761,905	637	5950000	0	0	7	24	0	1	1801111044
'11/01/2018 10:43:32'	18	'ACT:PROB'	142380,952	657	7260000	0	0	8	27	0	0	1801111044
'11/01/2018 10:43:32'	19	'ACT:PROB'	350952,381	696	4860000	0	0	7	29	0	0	1801111044
'11/01/2018 10:43:32'	20	'ACT:PROB'	290476,19	661	7750000	0	0	6	31	0	0	1801111044
'11/01/2018 10:43:32'	21	'ACT:PROB'	190952,381	657	8600000	0	0	5	33	0	0	1801111044
'11/01/2018 10:43:32'	22	'ACT:PROB'	1459047,619	719	4970000	1	0	7	35	0	0	1801111044
'11/01/2018 10:43:32'	23	'ACT:PROB'	279523,81	690	6370000	0	0	4	37	0	0	1801111044
'11/01/2018 10:43:32'	24	'ACT:PROB'	743333,333	688	7160000	1	0	10	39	0	0	1801111044
'11/01/2018 10:43:32'	25	'ACT:PROB'	711428,571	645	5630000	0	0	0	41	0	0	1801111044
'11/01/2018 10:43:32'	26	'ACT:PROB'	381428,571	681	7150000	0	0	9	43	0	0	1801111044
'11/01/2018 10:43:32'	27	'ACT:PROB'	1110000	656	6390000	1	0	8	45	0	0	1801111044
'11/01/2018 10:43:32'	28	'ACT:PROB'	265238,095	724	7800000	0	0	7	47	0	0	1801111044
'11/01/2018 10:43:32'	29	'ACT:PROB'	190476,19	661	4720000	0	0	6	49	0	0	1801111044
'11/01/2018 10:43:32'	30	'ACT:PROB'	283333,333	719	4790000	0	0	10	51	0	0	1801111044
'11/01/2018 10:43:32'	31	'ACT:PROB'	180476,19	711	3530000	0	0	9	53	0	0	1801111044
'11/01/2018 10:43:32'	32	'ACT:PROB'	101428,571	703	1770000	0	0	5	55	0	0	1801111044
'11/01/2018 10:43:32'	33	'ACT:PROB'	130952,381	725	6470000	0	0	7	57	0	0	1801111044
'11/01/2018 10:43:32'	34	'ACT:PROB'	155714,286	602	1870000	0	0	0	58	0	0	1801111044
'11/01/2018 10:43:32'	35	'ACT:PROB'	460952,381	652	6890000	0	0	4	60	0	0	1801111044
'11/01/2018 10:43:32'	36	'ACT:PROB'	100952,381	682	6360000	0	0	7	65	0	1	1801111044
'11/01/2018 10:43:32'	37	'ACT:PROB'	95238,095	710	5920000	0	0	7	70	0	1	1801111044
'11/01/2018 10:43:32'	38	'ACT:PROB'	949047,619	615	5380000	1	0	7	71	0	1	1801111044
'11/01/2018 10:43:32'	39	'ACT:PROB'	437142,857	612	6100000	0	0	7	72	0	1	1801111044
'11/01/2018 10:43:32'	40	'ACT:PROB'	251904,762	673	4200000	0	0	10	75	0	0	1801111044
'11/01/2018 10:43:32'	41	'ACT:PROB'	336666,667	675	1630000	0	0	0	77	0	0	1801111044
'11/01/2018 10:43:32'	42	'ACT:PROB'	300000	619	2280000	0	0	9	78	0	0	1801111044
'11/01/2018 10:43:32'	43	'ACT:PROB'	122857,143	667	2070000	0	0	8	80	0	0	1801111044
'11/01/2018 10:43:32'	44	'ACT:PROB'	208571,429	716	6830000	0	0	6	82	0	0	1801111044
'11/01/2018 10:43:32'	45	'ACT:PROB'	133809,524	670	4970000	0	0	7	84	0	0	1801111044
'11/01/2018 10:43:32'	46	'ACT:PROB'	1048571,429	656	5700000	1	0	4	86	0	0	1801111044
'11/01/2018 10:43:32'	47	'ACT:PROB'	150000	673	4730000	0	0	7	88	0	0	1801111044
'11/01/2018 10:43:32'	48	'ACT:PROB'	355238,095	645	4180000	0	0	7	90	0	0	1801111044
'11/01/2018 10:43:32'	49	'ACT:PROB'	96190,476	668	4390000	0	0	4	92	0	0	1801111044
'11/01/2018 10:43:32'	50	'ACT:PROB'	144761,905	664	4430000	0	0	5	94	0	0	1801111044
'11/01/2018 10:43:32'	51	'ACT:PROB'	440000	697	8590000	0	0	7	96	0	0	1801111044
'11/01/2018 10:43:32'	52	'ACT:PROB'	91428,571	638	8410000	0	0	6	98	0	0	1801111044
'11/01/2018 10:43:32'	53	'ACT:PROB'	154285,714	664	3320000	0	0	9	100	0	0	1801111044
'11/01/2018 10:43:32'	54	'ACT:PROB'	583333,333	662	3240000	1	0	5	102	0	0	1801111044
'11/01/2018 10:43:32'	55	'ACT:PROB'	1446666,667	665	1790000	1	0	10	104	0	0	1801111044
'11/01/2018 10:43:32'	56	'ACT:PROB'	104761,905	691	1650000	0	0	0	106	0	0	1801111044
'11/01/2018 10:43:32'	57	'ACT:PROB'	95238,095	616	4680000	0	0	8	107	0	0	1801111044
'11/01/2018 10:43:32'	58	'ACT:PROB'	92857,143	641	7090000	0	0	7	113	0	1	1801111044
'11/01/2018 10:43:32'	59	'ACT:PROB'	213809,524	669	6730000	0	0	7	117	0	1	1801111044
'11/01/2018 10:43:32'	60	'ACT:PROB'	333333,333	676	4360000	0	0	7	120	0	1	1801111044
'11/01/2018 10:43:32'	61	'ACT:PROB'	242380,952	620	5500000	0	0	7	121	0	1	1801111044
'11/01/2018 10:43:32'	62	'ACT:PROB'	172380,952	614	3000000	0	0	4	122	0	0	1801111044
'11/01/2018 10:43:32'	63	'ACT:PROB'	97619,048	665	4110000	0	0	6	124	0	0	1801111044
'11/01/2018 10:43:32'	64	'ACT:PROB'	171904,762	649	5460000	0	0	6	126	0	0	1801111044
'11/01/2018 10:43:32'	65	'ACT:PROB'	101904,762	625	4200000	0	0	8	128	0	0	1801111044
'11/01/2018 10:43:32'	66	'ACT:PROB'	661904,762	707	1390000	1	0	10	130	0	0	1801111044
'11/01/2018 10:43:32'	67	'ACT:PROB'	901428,571	694	2080000	1	0	10	132	0	0	1801111044
'11/01/2018 10:43:32'	68	'ACT:PROB'	141428,571	673	1490000	0	0	0	133	0	0	1801111044
'11/01/2018 10:43:32'	69	'ACT:PROB'	90000	641	5160000	0	0	9	135	0	0	1801111044
'11/01/2018 10:43:32'	70	'ACT:PROB'	112380,952	628	1590000	0	0	5	137	0	0	1801111044
'11/01/2018 10:43:32'	71	'ACT:PROB'	720952,381	633	2630000	1	0	9	139	0	0	1801111044
'11/01/2018 10:43:32'	72	'ACT:PROB'	153333,333	674	1440000	0	0	4	141	0	0	1801111044
'11/01/2018 10:43:32'	73	'ACT:PROB'	79523,81	634	1720000	0	0	8	143	0	0	1801111044
'11/01/2018 10:43:32'	74	'ACT:PROB'	100000	675	1540000	0	0	5	145	0	0	1801111044
'11/01/2018 10:43:32'	75	'ACT:PROB'	90952,381	663	8170000	0	0	7	147	0	0	1801111044
'11/01/2018 10:43:32'	76	'ACT:PROB'	80000	668	1730000	0	0	0	149	0	0	1801111044
'11/01/2018 10:43:32'	77	'ACT:PROB'	348095,238	663	6120000	0	0	7	151	0	0	1801111044
'11/01/2018 10:43:32'	78	'ACT:PROB'	117619,048	686	1870000	0	0	7	153	0	0	1801111044
'11/01/2018 10:43:32'	79	'ACT:PROB'	251904,762	660	9190000	0	0	7	158	0	0	1801111044
'11/01/2018 10:43:32'	80	'ACT:PROB'	114761,905	672	6940000	0	0	7	160	0	1	1801111044
'11/01/2018 10:43:32'	81	'ACT:PROB'	152380,952	672	7270000	0	0	7	164	0	1	1801111044
'11/01/2018 10:43:32'	82	'ACT:PROB'	1497142,857	666	5610000	1	0	7	167	0	1	1801111044
'11/01/2018 10:43:32'	83	'ACT:PROB'	164761,905	623	6640000	0	0	7	168	0	1	1801111044
'11/01/2018 10:43:32'	84	'ACT:PROB'	164285,714	655	6230000	0	0	7	170	0	0	1801111044
'11/01/2018 10:43:32'	85	'ACT:PROB'	320000	659	1760000	0	0	7	172	0	0	1801111044
'11/01/2018 10:43:32'	86	'ACT:PROB'	112380,952	660	4440000	0	0	7	174	0	0	1801111044
'11/01/2018 10:43:32'	87	'ACT:PROB'	430476,19	651	1850000	0	0	8	176	0	0	1801111044
'11/01/2018 10:43:32'	88	'ACT:PROB'	209047,619	661	510000	0	0	10	178	0	0	1801111044
'11/01/2018 10:43:32'	89	'ACT:PROB'	90476,19	668	2140000	0	0	4	180	0	0	1801111044
'11/01/2018 10:43:32'	90	'ACT:PROB'	264285,714	693	2240000	0	0	10	182	0	0	1801111044
'11/01/2018 10:43:32'	91	'ACT:PROB'	79047,619	678	3480000	0	0	9	184	0	0	1801111044
'11/01/2018 10:43:32'	92	'ACT:PROB'	105714,286	689	2490000	0	0	5	186	0	0	1801111044
'11/01/2018 10:43:32'	93	'ACT:PROB'	296190,476	650	3570000	0	0	0	188	0	0	1801111044
'11/01/2018 10:43:32'	94	'ACT:PROB'	162857,143	694	3640000	0	0	7	190	0	0	1801111044
'11/01/2018 10:43:32'	95	'ACT:PROB'	192380,952	678	5040000	0	0	8	192	0	0	1801111044
'11/01/2018 10:43:32'	96	'ACT:PROB'	341904,762	673	1520000	0	0	9	194	0	0	1801111044
'11/01/2018 10:43:32'	97	'ACT:PROB'	463333,333	655	10950000	0	0	6	196	0	0	1801111044
'11/01/2018 10:43:32'	98	'ACT:PROB'	1307619,048	639	1680000	1	0	6	198	0	0	1801111044
'11/01/2018 10:43:32'	99	'ACT:PROB'	191428,571	667	2340000	0	0	4	200	0	0	1801111044
'11/01/2018 10:43:32'	100	'ACT:PROB'	786190,476	571	700000	1	0	5	202	0	0	1801111044
'11/01/2018 10:43:32'	101	'ACT:PROB'	282380,952	663	2220000	0	0	0	204	0	0	1801111044
