CLIENT	TRIALN	KEY	BASELINE	MAXLEUVEN	MAXV	REJECT	NON_RESPPONS	Stimulus	Total_Trial_Nr	practice	acq	DATE
'11/01/2018 11:20:04'	1	'ACT:PROB'	218095,238	718	5830000	0	0	7	1	1	0	1801111120
'11/01/2018 11:20:04'	2	'ACT:PROB'	537619,048	670	7290000	0	0	7	2	1	0	1801111120
'11/01/2018 11:20:04'	3	'ACT:PROB'	198571,429	651	10530000	0	0	7	3	1	0	1801111120
'11/01/2018 11:20:04'	4	'ACT:PROB'	193333,333	684	10150000	0	0	0	4	1	0	1801111120
'11/01/2018 11:20:04'	5	'ACT:PROB'	183333,333	680	9970000	0	0	0	5	1	0	1801111120
'11/01/2018 11:20:04'	6	'ACT:PROB'	209047,619	616	4420000	0	0	7	6	1	0	1801111120
'11/01/2018 11:20:04'	7	'ACT:PROB'	168095,238	616	6860000	0	0	0	7	1	0	1801111120
'11/01/2018 11:20:04'	8	'ACT:PROB'	519523,81	615	4280000	1	0	7	8	1	0	1801111120
'11/01/2018 11:20:04'	9	'ACT:PROB'	4152857,143	610	46170000	1	0	7	9	1	0	1801111120
'11/01/2018 11:20:04'	10	'ACT:PROB'	180000	675	5000000	0	0	0	10	1	0	1801111120
'11/01/2018 11:20:04'	11	'ACT:PROB'	197142,857	721	6610000	0	0	0	11	0	1	1801111120
'11/01/2018 11:20:04'	12	'ACT:PROB'	234761,905	676	5960000	0	0	7	12	0	1	1801111120
'11/01/2018 11:20:04'	13	'ACT:PROB'	172380,952	721	6520000	0	0	7	14	0	1	1801111120
'11/01/2018 11:20:04'	14	'ACT:PROB'	211428,571	720	8450000	0	0	7	16	0	1	1801111120
'11/01/2018 11:20:04'	15	'ACT:PROB'	202380,952	708	8870000	0	0	7	18	0	1	1801111120
'11/01/2018 11:20:04'	16	'ACT:PROB'	174761,905	725	13870000	0	0	7	20	0	1	1801111120
'11/01/2018 11:20:04'	17	'ACT:PROB'	516190,476	694	8870000	0	0	7	22	0	1	1801111120
'11/01/2018 11:20:04'	18	'ACT:PROB'	133809,524	725	4420000	0	0	7	26	0	0	1801111120
'11/01/2018 11:20:04'	19	'ACT:PROB'	605238,095	725	9670000	0	0	10	28	0	0	1801111120
'11/01/2018 11:20:04'	20	'ACT:PROB'	184285,714	705	11520000	0	0	5	30	0	0	1801111120
'11/01/2018 11:20:04'	21	'ACT:PROB'	164285,714	722	8750000	0	0	9	32	0	0	1801111120
'11/01/2018 11:20:04'	22	'ACT:PROB'	170476,19	725	3430000	0	0	8	34	0	0	1801111120
'11/01/2018 11:20:04'	23	'ACT:PROB'	180952,381	712	11910000	0	0	0	36	0	0	1801111120
'11/01/2018 11:20:04'	24	'ACT:PROB'	179523,81	653	10750000	0	0	9	38	0	0	1801111120
'11/01/2018 11:20:04'	25	'ACT:PROB'	150952,381	647	11200000	0	0	6	40	0	0	1801111120
'11/01/2018 11:20:04'	26	'ACT:PROB'	238095,238	668	3710000	0	0	8	42	0	0	1801111120
'11/01/2018 11:20:04'	27	'ACT:PROB'	1717142,857	683	6800000	0	0	7	44	0	0	1801111120
'11/01/2018 11:20:04'	28	'ACT:PROB'	211904,762	715	3020000	0	0	5	46	0	0	1801111120
'11/01/2018 11:20:04'	29	'ACT:PROB'	248571,429	679	5490000	0	0	0	47	0	0	1801111120
'11/01/2018 11:20:04'	30	'ACT:PROB'	148095,238	697	4870000	0	0	7	49	0	0	1801111120
'11/01/2018 11:20:04'	31	'ACT:PROB'	110000	710	7220000	0	0	7	51	0	0	1801111120
'11/01/2018 11:20:04'	32	'ACT:PROB'	394761,905	682	2370000	0	0	6	53	0	0	1801111120
'11/01/2018 11:20:04'	33	'ACT:PROB'	720476,19	641	3460000	0	0	4	55	0	0	1801111120
'11/01/2018 11:20:04'	34	'ACT:PROB'	101904,762	725	4960000	0	0	4	57	0	0	1801111120
'11/01/2018 11:20:04'	35	'ACT:PROB'	127619,048	643	4490000	0	0	10	59	0	0	1801111120
'11/01/2018 11:20:04'	36	'ACT:PROB'	126666,667	720	4750000	0	0	7	64	0	1	1801111120
'11/01/2018 11:20:04'	37	'ACT:PROB'	132380,952	694	8550000	0	0	7	70	0	1	1801111120
'11/01/2018 11:20:04'	38	'ACT:PROB'	153333,333	698	5190000	0	0	7	71	0	1	1801111120
'11/01/2018 11:20:04'	39	'ACT:PROB'	153809,524	622	4660000	0	0	7	72	0	1	1801111120
'11/01/2018 11:20:04'	40	'ACT:PROB'	171428,571	671	6770000	0	0	7	75	0	0	1801111120
'11/01/2018 11:20:04'	41	'ACT:PROB'	176666,667	611	2090000	0	0	0	76	0	0	1801111120
'11/01/2018 11:20:04'	42	'ACT:PROB'	157619,048	725	7040000	0	0	4	78	0	0	1801111120
'11/01/2018 11:20:04'	43	'ACT:PROB'	225238,095	655	2220000	0	0	5	80	0	0	1801111120
'11/01/2018 11:20:04'	44	'ACT:PROB'	172857,143	673	8510000	0	0	10	82	0	0	1801111120
'11/01/2018 11:20:04'	45	'ACT:PROB'	289047,619	660	1690000	0	0	6	84	0	0	1801111120
'11/01/2018 11:20:04'	46	'ACT:PROB'	141904,762	725	4690000	0	0	4	86	0	0	1801111120
'11/01/2018 11:20:04'	47	'ACT:PROB'	607619,048	725	5390000	0	0	9	88	0	0	1801111120
'11/01/2018 11:20:04'	48	'ACT:PROB'	112857,143	660	3650000	0	0	7	90	0	0	1801111120
'11/01/2018 11:20:04'	49	'ACT:PROB'	193333,333	692	4990000	0	0	8	92	0	0	1801111120
'11/01/2018 11:20:04'	50	'ACT:PROB'	200952,381	614	1940000	0	0	0	93	0	0	1801111120
'11/01/2018 11:20:04'	51	'ACT:PROB'	163333,333	649	2060000	0	0	9	95	0	0	1801111120
'11/01/2018 11:20:04'	52	'ACT:PROB'	139523,81	646	2480000	0	0	5	97	0	0	1801111120
'11/01/2018 11:20:04'	53	'ACT:PROB'	114285,714	725	1560000	0	0	7	99	0	0	1801111120
'11/01/2018 11:20:04'	54	'ACT:PROB'	109047,619	669	2260000	0	0	7	101	0	0	1801111120
'11/01/2018 11:20:04'	55	'ACT:PROB'	479047,619	661	2720000	0	0	6	103	0	0	1801111120
'11/01/2018 11:20:04'	56	'ACT:PROB'	340476,19	652	3300000	0	0	8	105	0	0	1801111120
'11/01/2018 11:20:04'	57	'ACT:PROB'	117619,048	719	2780000	0	0	10	107	0	0	1801111120
'11/01/2018 11:20:04'	58	'ACT:PROB'	108571,429	723	6510000	0	0	7	113	0	1	1801111120
'11/01/2018 11:20:04'	59	'ACT:PROB'	103333,333	725	6200000	0	0	7	115	0	1	1801111120
'11/01/2018 11:20:04'	60	'ACT:PROB'	105714,286	626	2760000	0	0	7	116	0	1	1801111120
'11/01/2018 11:20:04'	61	'ACT:PROB'	158095,238	663	1740000	0	0	7	120	0	1	1801111120
'11/01/2018 11:20:04'	62	'ACT:PROB'	521904,762	690	4160000	0	0	7	122	0	0	1801111120
'11/01/2018 11:20:04'	63	'ACT:PROB'	98571,429	665	7090000	0	0	7	124	0	0	1801111120
'11/01/2018 11:20:04'	64	'ACT:PROB'	118571,429	619	5490000	0	0	0	125	0	0	1801111120
'11/01/2018 11:20:04'	65	'ACT:PROB'	123809,524	723	2310000	0	0	8	127	0	0	1801111120
'11/01/2018 11:20:04'	66	'ACT:PROB'	369523,81	658	3410000	0	0	9	129	0	0	1801111120
'11/01/2018 11:20:04'	67	'ACT:PROB'	282380,952	628	2170000	0	0	6	131	0	0	1801111120
'11/01/2018 11:20:04'	68	'ACT:PROB'	184761,905	676	3060000	0	0	5	133	0	0	1801111120
'11/01/2018 11:20:04'	69	'ACT:PROB'	136190,476	647	4220000	0	0	9	135	0	0	1801111120
'11/01/2018 11:20:04'	70	'ACT:PROB'	126190,476	661	4070000	0	0	10	137	0	0	1801111120
'11/01/2018 11:20:04'	71	'ACT:PROB'	1653809,524	697	2460000	0	0	4	139	0	0	1801111120
'11/01/2018 11:20:04'	72	'ACT:PROB'	162857,143	634	2040000	0	0	8	141	0	0	1801111120
'11/01/2018 11:20:04'	73	'ACT:PROB'	127619,048	676	6570000	0	0	5	143	0	0	1801111120
'11/01/2018 11:20:04'	74	'ACT:PROB'	141904,762	706	4790000	0	0	10	145	0	0	1801111120
'11/01/2018 11:20:04'	75	'ACT:PROB'	117142,857	667	1870000	0	0	6	147	0	0	1801111120
'11/01/2018 11:20:04'	76	'ACT:PROB'	800476,19	687	2380000	0	0	7	149	0	0	1801111120
'11/01/2018 11:20:04'	77	'ACT:PROB'	135238,095	676	3510000	0	0	4	151	0	0	1801111120
'11/01/2018 11:20:04'	78	'ACT:PROB'	128095,238	624	3260000	0	0	0	152	0	0	1801111120
'11/01/2018 11:20:04'	79	'ACT:PROB'	168571,429	693	5100000	0	0	7	154	0	0	1801111120
'11/01/2018 11:20:04'	80	'ACT:PROB'	180000	711	8270000	0	0	7	160	0	1	1801111120
'11/01/2018 11:20:04'	81	'ACT:PROB'	165238,095	668	3140000	0	0	7	164	0	1	1801111120
'11/01/2018 11:20:04'	82	'ACT:PROB'	149047,619	668	2090000	0	0	7	166	0	1	1801111120
'11/01/2018 11:20:04'	83	'ACT:PROB'	153333,333	614	7570000	0	0	7	167	0	1	1801111120
'11/01/2018 11:20:04'	84	'ACT:PROB'	322857,143	674	2270000	0	0	8	170	0	0	1801111120
'11/01/2018 11:20:04'	85	'ACT:PROB'	281428,571	713	2540000	0	0	6	172	0	0	1801111120
'11/01/2018 11:20:04'	86	'ACT:PROB'	107619,048	697	1530000	0	0	8	174	0	0	1801111120
'11/01/2018 11:20:04'	87	'ACT:PROB'	133333,333	694	3110000	0	0	5	176	0	0	1801111120
'11/01/2018 11:20:04'	88	'ACT:PROB'	288571,429	669	1910000	0	0	4	178	0	0	1801111120
'11/01/2018 11:20:04'	89	'ACT:PROB'	205238,095	663	2010000	0	0	10	180	0	0	1801111120
'11/01/2018 11:20:04'	90	'ACT:PROB'	211904,762	655	6110000	0	0	7	182	0	0	1801111120
'11/01/2018 11:20:04'	91	'ACT:PROB'	189047,619	712	2320000	0	0	9	184	0	0	1801111120
'11/01/2018 11:20:04'	92	'ACT:PROB'	203809,524	658	5210000	0	0	7	186	0	0	1801111120
'11/01/2018 11:20:04'	93	'ACT:PROB'	184761,905	668	3350000	0	0	7	188	0	0	1801111120
'11/01/2018 11:20:04'	94	'ACT:PROB'	170000	668	4740000	0	0	0	190	0	0	1801111120
'11/01/2018 11:20:04'	95	'ACT:PROB'	221904,762	687	2010000	0	0	9	192	0	0	1801111120
'11/01/2018 11:20:04'	96	'ACT:PROB'	218571,429	652	2590000	0	0	0	194	0	0	1801111120
'11/01/2018 11:20:04'	97	'ACT:PROB'	220476,19	659	2060000	0	0	6	195	0	0	1801111120
'11/01/2018 11:20:04'	98	'ACT:PROB'	208095,238	642	1530000	0	0	5	197	0	0	1801111120
'11/01/2018 11:20:04'	99	'ACT:PROB'	219047,619	661	5350000	0	0	7	199	0	0	1801111120
'11/01/2018 11:20:04'	100	'ACT:PROB'	144285,714	642	1890000	0	0	10	201	0	0	1801111120
'11/01/2018 11:20:04'	101	'ACT:PROB'	201428,571	725	3520000	0	0	4	203	0	0	1801111120
