CLIENT	TRIALN	KEY	BASELINE	MAXLEUVEN	MAXV	REJECT	NON_RESPPONS	Stimulus	Total_Trial_Nr	practice	acq	DATE
'11/01/2018 9:55:14'	1	'ACT:PROB'	350000	636	530000	0	0	0	1	1	0	1801111001
'11/01/2018 9:55:14'	2	'ACT:PROB'	483809,524	618	12240000	0	0	7	2	1	0	1801111001
'11/01/2018 9:55:14'	3	'ACT:PROB'	306666,667	688	12650000	0	0	0	3	1	0	1801111001
'11/01/2018 9:55:14'	4	'ACT:PROB'	186666,667	697	300000	0	1	7	4	1	0	1801111001
'11/01/2018 9:55:14'	5	'ACT:PROB'	149047,619	612	10380000	0	0	0	5	1	0	1801111001
'11/01/2018 9:55:14'	6	'ACT:PROB'	213333,333	618	3810000	0	0	0	6	1	0	1801111001
'11/01/2018 9:55:14'	7	'ACT:PROB'	353809,524	655	730000	0	1	7	7	1	0	1801111001
'11/01/2018 9:55:14'	8	'ACT:PROB'	273333,333	608	14560000	0	0	7	8	1	0	1801111001
'11/01/2018 9:55:14'	9	'ACT:PROB'	175714,286	690	8610000	0	0	7	9	1	0	1801111001
'11/01/2018 9:55:14'	10	'ACT:PROB'	423333,333	625	9290000	0	0	7	10	1	0	1801111001
'11/01/2018 9:55:14'	11	'ACT:PROB'	196190,476	674	12560000	0	0	7	12	0	1	1801111001
'11/01/2018 9:55:14'	12	'ACT:PROB'	198095,238	669	20300000	0	0	7	14	0	1	1801111001
'11/01/2018 9:55:14'	13	'ACT:PROB'	366666,667	648	4570000	0	0	7	16	0	1	1801111001
'11/01/2018 9:55:14'	14	'ACT:PROB'	254285,714	724	730000	0	0	7	18	0	1	1801111001
'11/01/2018 9:55:14'	15	'ACT:PROB'	166666,667	664	4930000	0	0	7	20	0	1	1801111001
'11/01/2018 9:55:14'	16	'ACT:PROB'	158095,238	617	1460000	0	0	0	21	0	1	1801111001
'11/01/2018 9:55:14'	17	'ACT:PROB'	672380,952	692	2940000	0	0	7	24	0	1	1801111001
'11/01/2018 9:55:14'	18	'ACT:PROB'	154285,714	725	10380000	0	0	8	26	0	0	1801111001
'11/01/2018 9:55:14'	19	'ACT:PROB'	213809,524	592	350000	0	1	7	28	0	0	1801111001
'11/01/2018 9:55:14'	20	'ACT:PROB'	141904,762	725	440000	0	0	6	30	0	0	1801111001
'11/01/2018 9:55:14'	21	'ACT:PROB'	622857,143	660	1150000	0	0	7	32	0	0	1801111001
'11/01/2018 9:55:14'	22	'ACT:PROB'	170000	641	680000	0	0	9	34	0	0	1801111001
'11/01/2018 9:55:14'	23	'ACT:PROB'	150476,19	650	600000	0	0	0	36	0	0	1801111001
'11/01/2018 9:55:14'	24	'ACT:PROB'	206190,476	653	10120000	0	0	5	38	0	0	1801111001
'11/01/2018 9:55:14'	25	'ACT:PROB'	181904,762	699	980000	0	0	8	40	0	0	1801111001
'11/01/2018 9:55:14'	26	'ACT:PROB'	147142,857	626	260000	0	1	0	41	0	0	1801111001
'11/01/2018 9:55:14'	27	'ACT:PROB'	177619,048	709	1050000	0	1	9	43	0	0	1801111001
'11/01/2018 9:55:14'	28	'ACT:PROB'	169047,619	661	9130000	0	0	10	45	0	0	1801111001
'11/01/2018 9:55:14'	29	'ACT:PROB'	145238,095	724	1720000	0	1	7	47	0	0	1801111001
'11/01/2018 9:55:14'	30	'ACT:PROB'	197142,857	643	610000	0	0	5	49	0	0	1801111001
'11/01/2018 9:55:14'	31	'ACT:PROB'	171428,571	672	9460000	0	0	10	51	0	0	1801111001
'11/01/2018 9:55:14'	32	'ACT:PROB'	267142,857	714	440000	0	1	4	53	0	0	1801111001
'11/01/2018 9:55:14'	33	'ACT:PROB'	262857,143	664	13990000	0	0	6	55	0	0	1801111001
'11/01/2018 9:55:14'	34	'ACT:PROB'	272857,143	640	15290000	0	0	7	57	0	0	1801111001
'11/01/2018 9:55:14'	35	'ACT:PROB'	293809,524	665	2010000	0	0	4	59	0	0	1801111001
'11/01/2018 9:55:14'	36	'ACT:PROB'	495238,095	684	9000000	0	0	7	65	0	1	1801111001
'11/01/2018 9:55:14'	37	'ACT:PROB'	418571,429	623	13940000	0	0	7	66	0	1	1801111001
'11/01/2018 9:55:14'	38	'ACT:PROB'	201428,571	616	610000	0	1	7	67	0	1	1801111001
'11/01/2018 9:55:14'	39	'ACT:PROB'	128571,429	689	1510000	0	0	7	71	0	1	1801111001
'11/01/2018 9:55:14'	40	'ACT:PROB'	528571,429	644	9660000	0	0	4	75	0	0	1801111001
'11/01/2018 9:55:14'	41	'ACT:PROB'	1837142,857	722	1670000	0	1	8	77	0	0	1801111001
'11/01/2018 9:55:14'	42	'ACT:PROB'	237619,048	655	15950000	0	0	7	79	0	0	1801111001
'11/01/2018 9:55:14'	43	'ACT:PROB'	537142,857	612	1350000	0	1	0	80	0	0	1801111001
'11/01/2018 9:55:14'	44	'ACT:PROB'	173333,333	630	1190000	0	0	9	81	0	0	1801111001
'11/01/2018 9:55:14'	45	'ACT:PROB'	198095,238	655	410000	0	1	6	83	0	0	1801111001
'11/01/2018 9:55:14'	46	'ACT:PROB'	341428,571	719	1700000	0	1	8	85	0	0	1801111001
'11/01/2018 9:55:14'	47	'ACT:PROB'	144285,714	703	920000	0	1	10	87	0	0	1801111001
'11/01/2018 9:55:14'	48	'ACT:PROB'	949523,81	655	1540000	0	1	7	89	0	0	1801111001
'11/01/2018 9:55:14'	49	'ACT:PROB'	550476,19	586	850000	0	1	10	91	0	0	1801111001
'11/01/2018 9:55:14'	50	'ACT:PROB'	328095,238	662	2000000	0	0	9	93	0	0	1801111001
'11/01/2018 9:55:14'	51	'ACT:PROB'	201904,762	673	1190000	0	0	5	95	0	0	1801111001
'11/01/2018 9:55:14'	52	'ACT:PROB'	111904,762	639	1730000	0	0	7	97	0	0	1801111001
'11/01/2018 9:55:14'	53	'ACT:PROB'	243333,333	666	430000	0	1	6	99	0	0	1801111001
'11/01/2018 9:55:14'	54	'ACT:PROB'	597619,048	668	730000	0	1	0	101	0	0	1801111001
'11/01/2018 9:55:14'	55	'ACT:PROB'	196666,667	640	12790000	0	0	4	103	0	0	1801111001
'11/01/2018 9:55:14'	56	'ACT:PROB'	403809,524	648	13080000	0	0	5	105	0	0	1801111001
'11/01/2018 9:55:14'	57	'ACT:PROB'	115238,095	643	1060000	0	0	7	107	0	0	1801111001
'11/01/2018 9:55:14'	58	'ACT:PROB'	504761,905	695	8680000	0	0	7	112	0	1	1801111001
'11/01/2018 9:55:14'	59	'ACT:PROB'	291904,762	673	1060000	0	0	7	117	0	1	1801111001
'11/01/2018 9:55:14'	60	'ACT:PROB'	4803809,524	617	7000000	1	0	7	119	0	1	1801111001
'11/01/2018 9:55:14'	61	'ACT:PROB'	4117619,048	725	7570000	1	0	7	121	0	1	1801111001
'11/01/2018 9:55:14'	62	'ACT:PROB'	2299047,619	617	12510000	0	0	6	122	0	0	1801111001
'11/01/2018 9:55:14'	63	'ACT:PROB'	3226190,476	608	2950000	1	0	8	124	0	0	1801111001
'11/01/2018 9:55:14'	64	'ACT:PROB'	1721428,571	653	4090000	0	1	0	126	0	0	1801111001
'11/01/2018 9:55:14'	65	'ACT:PROB'	1150476,19	630	1370000	0	1	4	128	0	0	1801111001
'11/01/2018 9:55:14'	66	'ACT:PROB'	1267142,857	694	1700000	0	1	7	130	0	0	1801111001
'11/01/2018 9:55:14'	67	'ACT:PROB'	2012380,952	706	2240000	0	1	8	132	0	0	1801111001
'11/01/2018 9:55:14'	68	'ACT:PROB'	1426666,667	685	1920000	0	1	4	134	0	0	1801111001
'11/01/2018 9:55:14'	69	'ACT:PROB'	529523,81	684	3280000	0	0	9	136	0	0	1801111001
'11/01/2018 9:55:14'	70	'ACT:PROB'	29369523,81	667	36400000	1	0	7	138	0	0	1801111001
'11/01/2018 9:55:14'	71	'ACT:PROB'	22282857,14	668	29270000	1	0	10	140	0	0	1801111001
'11/01/2018 9:55:14'	72	'ACT:PROB'	11829047,62	724	14320000	1	0	10	142	0	0	1801111001
'11/01/2018 9:55:14'	73	'ACT:PROB'	828571,429	679	36960000	0	0	7	144	0	0	1801111001
'11/01/2018 9:55:14'	74	'ACT:PROB'	4025714,286	645	5420000	0	1	5	146	0	0	1801111001
'11/01/2018 9:55:14'	75	'ACT:PROB'	1349523,81	655	12170000	0	0	5	148	0	0	1801111001
'11/01/2018 9:55:14'	76	'ACT:PROB'	534285,714	688	990000	0	1	0	150	0	0	1801111001
'11/01/2018 9:55:14'	77	'ACT:PROB'	3952380,952	571	3140000	1	0	7	152	0	0	1801111001
'11/01/2018 9:55:14'	78	'ACT:PROB'	769523,81	700	3130000	0	0	9	154	0	0	1801111001
'11/01/2018 9:55:14'	79	'ACT:PROB'	1587619,048	664	14930000	0	0	6	156	0	0	1801111001
'11/01/2018 9:55:14'	80	'ACT:PROB'	194285,714	673	4540000	0	0	7	160	0	1	1801111001
'11/01/2018 9:55:14'	81	'ACT:PROB'	165238,095	679	1010000	0	1	7	162	0	1	1801111001
'11/01/2018 9:55:14'	82	'ACT:PROB'	272857,143	641	1160000	0	1	7	166	0	1	1801111001
'11/01/2018 9:55:14'	83	'ACT:PROB'	140476,19	661	10920000	0	0	7	169	0	1	1801111001
'11/01/2018 9:55:14'	84	'ACT:PROB'	174761,905	677	6050000	0	0	6	171	0	0	1801111001
'11/01/2018 9:55:14'	85	'ACT:PROB'	181428,571	662	2440000	0	0	5	173	0	0	1801111001
'11/01/2018 9:55:14'	86	'ACT:PROB'	308095,238	685	1630000	0	0	6	175	0	0	1801111001
'11/01/2018 9:55:14'	87	'ACT:PROB'	320952,381	659	5930000	0	0	10	177	0	0	1801111001
'11/01/2018 9:55:14'	88	'ACT:PROB'	758571,429	647	2480000	0	0	0	179	0	0	1801111001
'11/01/2018 9:55:14'	89	'ACT:PROB'	139523,81	612	8800000	0	0	7	180	0	0	1801111001
'11/01/2018 9:55:14'	90	'ACT:PROB'	309523,81	658	770000	0	0	8	182	0	0	1801111001
'11/01/2018 9:55:14'	91	'ACT:PROB'	165238,095	679	2120000	0	0	8	184	0	0	1801111001
'11/01/2018 9:55:14'	92	'ACT:PROB'	147619,048	665	1520000	0	0	9	186	0	0	1801111001
'11/01/2018 9:55:14'	93	'ACT:PROB'	240000	583	370000	0	1	9	188	0	0	1801111001
'11/01/2018 9:55:14'	94	'ACT:PROB'	405238,095	591	510000	0	1	5	190	0	0	1801111001
'11/01/2018 9:55:14'	95	'ACT:PROB'	1194285,714	628	1550000	0	1	4	192	0	0	1801111001
'11/01/2018 9:55:14'	96	'ACT:PROB'	215238,095	576	240000	0	1	10	194	0	0	1801111001
'11/01/2018 9:55:14'	97	'ACT:PROB'	1772857,143	643	1720000	1	0	0	196	0	0	1801111001
'11/01/2018 9:55:14'	98	'ACT:PROB'	137619,048	657	4760000	0	0	7	198	0	0	1801111001
'11/01/2018 9:55:14'	99	'ACT:PROB'	902857,143	640	3710000	0	0	7	200	0	0	1801111001
'11/01/2018 9:55:14'	100	'ACT:PROB'	245714,286	652	1250000	0	0	4	202	0	0	1801111001
'11/01/2018 9:55:14'	101	'ACT:PROB'	171904,762	684	1910000	0	0	7	205	0	0	1801111001
