CLIENT	TRIALN	KEY	BASELINE	MAXLEUVEN	MAXV	REJECT	NON_RESPPONS	Stimulus	Total_Trial_Nr	practice	acq	DATE
'11/01/2018 10:50:47'	1	'ACT:PROB'	617142,857	689	710000	0	0	7	1	1	0	1801111051
'11/01/2018 10:50:47'	2	'ACT:PROB'	203333,333	618	4170000	0	0	7	2	1	0	1801111051
'11/01/2018 10:50:47'	3	'ACT:PROB'	1249047,619	674	9600000	0	0	0	3	1	0	1801111051
'11/01/2018 10:50:47'	4	'ACT:PROB'	214761,905	597	6770000	0	0	7	4	1	0	1801111051
'11/01/2018 10:50:47'	5	'ACT:PROB'	391428,571	607	6140000	0	0	7	5	1	0	1801111051
'11/01/2018 10:50:47'	6	'ACT:PROB'	683333,333	611	4130000	0	0	0	6	1	0	1801111051
'11/01/2018 10:50:47'	7	'ACT:PROB'	961428,571	608	5630000	0	0	7	7	1	0	1801111051
'11/01/2018 10:50:47'	8	'ACT:PROB'	236190,476	605	4060000	0	0	0	8	1	0	1801111051
'11/01/2018 10:50:47'	9	'ACT:PROB'	158095,238	620	3160000	0	0	0	9	1	0	1801111051
'11/01/2018 10:50:47'	10	'ACT:PROB'	268571,429	608	4620000	0	0	7	10	1	0	1801111051
'11/01/2018 10:50:47'	11	'ACT:PROB'	126666,667	678	7180000	0	0	7	11	0	1	1801111051
'11/01/2018 10:50:47'	12	'ACT:PROB'	187142,857	664	5870000	0	0	7	13	0	1	1801111051
'11/01/2018 10:50:47'	13	'ACT:PROB'	421904,762	644	4470000	0	0	7	15	0	1	1801111051
'11/01/2018 10:50:47'	14	'ACT:PROB'	146666,667	644	7570000	0	0	7	17	0	1	1801111051
'11/01/2018 10:50:47'	15	'ACT:PROB'	197619,048	699	6230000	0	0	0	19	0	1	1801111051
'11/01/2018 10:50:47'	16	'ACT:PROB'	150952,381	639	3210000	0	0	7	21	0	1	1801111051
'11/01/2018 10:50:47'	17	'ACT:PROB'	265714,286	639	6600000	0	0	7	23	0	1	1801111051
'11/01/2018 10:50:47'	18	'ACT:PROB'	174285,714	688	5380000	0	0	7	27	0	0	1801111051
'11/01/2018 10:50:47'	19	'ACT:PROB'	130476,19	668	3570000	0	0	4	29	0	0	1801111051
'11/01/2018 10:50:47'	20	'ACT:PROB'	116666,667	690	1870000	0	0	5	31	0	0	1801111051
'11/01/2018 10:50:47'	21	'ACT:PROB'	234761,905	655	2350000	1	0	10	33	0	0	1801111051
'11/01/2018 10:50:47'	22	'ACT:PROB'	150476,19	683	3170000	0	0	9	35	0	0	1801111051
'11/01/2018 10:50:47'	23	'ACT:PROB'	105714,286	612	3040000	0	0	0	36	0	0	1801111051
'11/01/2018 10:50:47'	24	'ACT:PROB'	127619,048	607	4090000	0	0	0	37	0	0	1801111051
'11/01/2018 10:50:47'	25	'ACT:PROB'	80000	643	3710000	0	0	7	38	0	0	1801111051
'11/01/2018 10:50:47'	26	'ACT:PROB'	190000	651	4770000	0	0	6	40	0	0	1801111051
'11/01/2018 10:50:47'	27	'ACT:PROB'	103809,524	723	3560000	0	0	7	42	0	0	1801111051
'11/01/2018 10:50:47'	28	'ACT:PROB'	122857,143	653	4570000	0	0	5	44	0	0	1801111051
'11/01/2018 10:50:47'	29	'ACT:PROB'	792857,143	644	2480000	1	0	9	46	0	0	1801111051
'11/01/2018 10:50:47'	30	'ACT:PROB'	118095,238	664	3690000	0	0	10	48	0	0	1801111051
'11/01/2018 10:50:47'	31	'ACT:PROB'	107619,048	638	4300000	0	0	8	50	0	0	1801111051
'11/01/2018 10:50:47'	32	'ACT:PROB'	108095,238	653	4920000	0	0	7	52	0	0	1801111051
'11/01/2018 10:50:47'	33	'ACT:PROB'	99523,81	654	3720000	0	0	8	54	0	0	1801111051
'11/01/2018 10:50:47'	34	'ACT:PROB'	79047,619	725	1540000	0	0	4	56	0	0	1801111051
'11/01/2018 10:50:47'	35	'ACT:PROB'	390000	660	3270000	0	0	6	58	0	0	1801111051
'11/01/2018 10:50:47'	36	'ACT:PROB'	210476,19	648	5180000	0	0	7	64	0	1	1801111051
'11/01/2018 10:50:47'	37	'ACT:PROB'	110000	674	4820000	0	0	7	66	0	1	1801111051
'11/01/2018 10:50:47'	38	'ACT:PROB'	124285,714	602	3520000	0	0	7	67	0	1	1801111051
'11/01/2018 10:50:47'	39	'ACT:PROB'	121904,762	638	3430000	0	0	7	69	0	1	1801111051
'11/01/2018 10:50:47'	40	'ACT:PROB'	123333,333	703	4390000	0	0	7	75	0	0	1801111051
'11/01/2018 10:50:47'	41	'ACT:PROB'	108571,429	724	5110000	0	0	6	77	0	0	1801111051
'11/01/2018 10:50:47'	42	'ACT:PROB'	386666,667	640	2880000	0	0	4	79	0	0	1801111051
'11/01/2018 10:50:47'	43	'ACT:PROB'	229047,619	661	4480000	0	0	10	81	0	0	1801111051
'11/01/2018 10:50:47'	44	'ACT:PROB'	100476,19	659	2660000	0	0	0	83	0	0	1801111051
'11/01/2018 10:50:47'	45	'ACT:PROB'	580476,19	637	2010000	1	0	5	85	0	0	1801111051
'11/01/2018 10:50:47'	46	'ACT:PROB'	281428,571	707	3550000	0	0	0	87	0	0	1801111051
'11/01/2018 10:50:47'	47	'ACT:PROB'	201904,762	621	1900000	1	0	7	88	0	0	1801111051
'11/01/2018 10:50:47'	48	'ACT:PROB'	250476,19	699	4310000	0	0	6	90	0	0	1801111051
'11/01/2018 10:50:47'	49	'ACT:PROB'	98095,238	639	3210000	0	0	4	92	0	0	1801111051
'11/01/2018 10:50:47'	50	'ACT:PROB'	206666,667	669	2830000	0	0	9	94	0	0	1801111051
'11/01/2018 10:50:47'	51	'ACT:PROB'	134285,714	636	4370000	0	0	8	96	0	0	1801111051
'11/01/2018 10:50:47'	52	'ACT:PROB'	282857,143	634	1260000	1	0	7	98	0	0	1801111051
'11/01/2018 10:50:47'	53	'ACT:PROB'	406190,476	673	1580000	1	0	9	100	0	0	1801111051
'11/01/2018 10:50:47'	54	'ACT:PROB'	143809,524	721	4210000	0	0	7	102	0	0	1801111051
'11/01/2018 10:50:47'	55	'ACT:PROB'	353333,333	655	1780000	1	0	8	104	0	0	1801111051
'11/01/2018 10:50:47'	56	'ACT:PROB'	111428,571	641	2110000	0	0	10	106	0	0	1801111051
'11/01/2018 10:50:47'	57	'ACT:PROB'	80476,19	712	2120000	0	0	5	108	0	0	1801111051
'11/01/2018 10:50:47'	58	'ACT:PROB'	136666,667	672	4960000	0	0	7	112	0	1	1801111051
'11/01/2018 10:50:47'	59	'ACT:PROB'	110476,19	704	1920000	0	0	7	114	0	1	1801111051
'11/01/2018 10:50:47'	60	'ACT:PROB'	116190,476	607	3570000	0	0	7	115	0	1	1801111051
'11/01/2018 10:50:47'	61	'ACT:PROB'	114285,714	647	4280000	0	0	7	120	0	1	1801111051
'11/01/2018 10:50:47'	62	'ACT:PROB'	120952,381	630	3250000	0	0	0	123	0	0	1801111051
'11/01/2018 10:50:47'	63	'ACT:PROB'	105238,095	708	5300000	0	0	8	125	0	0	1801111051
'11/01/2018 10:50:47'	64	'ACT:PROB'	422857,143	648	3450000	0	0	9	127	0	0	1801111051
'11/01/2018 10:50:47'	65	'ACT:PROB'	158571,429	623	5420000	0	0	7	129	0	0	1801111051
'11/01/2018 10:50:47'	66	'ACT:PROB'	84761,905	615	2880000	0	0	0	130	0	0	1801111051
'11/01/2018 10:50:47'	67	'ACT:PROB'	689523,81	647	1660000	1	0	8	132	0	0	1801111051
'11/01/2018 10:50:47'	68	'ACT:PROB'	110000	627	2500000	0	0	7	134	0	0	1801111051
'11/01/2018 10:50:47'	69	'ACT:PROB'	793809,524	638	1960000	1	0	10	136	0	0	1801111051
'11/01/2018 10:50:47'	70	'ACT:PROB'	141904,762	665	6020000	0	0	5	138	0	0	1801111051
'11/01/2018 10:50:47'	71	'ACT:PROB'	114761,905	658	3760000	0	0	4	140	0	0	1801111051
'11/01/2018 10:50:47'	72	'ACT:PROB'	103809,524	685	1990000	0	0	7	142	0	0	1801111051
'11/01/2018 10:50:47'	73	'ACT:PROB'	223333,333	658	1460000	0	0	10	144	0	0	1801111051
'11/01/2018 10:50:47'	74	'ACT:PROB'	219047,619	625	1530000	0	0	6	146	0	0	1801111051
'11/01/2018 10:50:47'	75	'ACT:PROB'	140476,19	653	3350000	0	0	5	148	0	0	1801111051
'11/01/2018 10:50:47'	76	'ACT:PROB'	112380,952	642	2360000	0	0	6	150	0	0	1801111051
'11/01/2018 10:50:47'	77	'ACT:PROB'	143333,333	681	2480000	0	0	7	152	0	0	1801111051
'11/01/2018 10:50:47'	78	'ACT:PROB'	129523,81	685	3250000	0	0	4	154	0	0	1801111051
'11/01/2018 10:50:47'	79	'ACT:PROB'	134285,714	650	1650000	0	0	9	156	0	0	1801111051
'11/01/2018 10:50:47'	80	'ACT:PROB'	281904,762	639	6400000	0	0	7	160	0	1	1801111051
'11/01/2018 10:50:47'	81	'ACT:PROB'	89047,619	647	5170000	0	0	7	162	0	1	1801111051
'11/01/2018 10:50:47'	82	'ACT:PROB'	220000	686	3790000	0	0	7	167	0	1	1801111051
'11/01/2018 10:50:47'	83	'ACT:PROB'	564761,905	666	2180000	1	0	7	168	0	1	1801111051
'11/01/2018 10:50:47'	84	'ACT:PROB'	113809,524	677	3410000	0	0	6	170	0	0	1801111051
'11/01/2018 10:50:47'	85	'ACT:PROB'	114285,714	651	1620000	0	0	9	172	0	0	1801111051
'11/01/2018 10:50:47'	86	'ACT:PROB'	92380,952	715	5030000	0	0	8	174	0	0	1801111051
'11/01/2018 10:50:47'	87	'ACT:PROB'	162857,143	655	1570000	0	0	4	176	0	0	1801111051
'11/01/2018 10:50:47'	88	'ACT:PROB'	88095,238	652	5010000	0	0	6	178	0	0	1801111051
'11/01/2018 10:50:47'	89	'ACT:PROB'	133333,333	605	1990000	0	0	0	179	0	0	1801111051
'11/01/2018 10:50:47'	90	'ACT:PROB'	391428,571	627	2400000	1	0	7	180	0	0	1801111051
'11/01/2018 10:50:47'	91	'ACT:PROB'	371428,571	637	4380000	0	0	0	182	0	0	1801111051
'11/01/2018 10:50:47'	92	'ACT:PROB'	85714,286	725	1160000	0	0	8	184	0	0	1801111051
'11/01/2018 10:50:47'	93	'ACT:PROB'	145714,286	669	4520000	0	0	9	186	0	0	1801111051
'11/01/2018 10:50:47'	94	'ACT:PROB'	821904,762	640	2930000	1	0	10	188	0	0	1801111051
'11/01/2018 10:50:47'	95	'ACT:PROB'	83333,333	659	1400000	0	0	7	190	0	0	1801111051
'11/01/2018 10:50:47'	96	'ACT:PROB'	305714,286	635	2940000	1	0	7	192	0	0	1801111051
'11/01/2018 10:50:47'	97	'ACT:PROB'	281904,762	725	2770000	0	0	10	194	0	0	1801111051
'11/01/2018 10:50:47'	98	'ACT:PROB'	179523,81	664	3160000	0	0	5	196	0	0	1801111051
'11/01/2018 10:50:47'	99	'ACT:PROB'	127142,857	684	5720000	0	0	4	198	0	0	1801111051
'11/01/2018 10:50:47'	100	'ACT:PROB'	134285,714	634	2980000	0	0	7	200	0	0	1801111051
'11/01/2018 10:50:47'	101	'ACT:PROB'	112380,952	661	1860000	0	0	5	202	0	0	1801111051
