version	timestamp	block number	trial number	lost msec	free VRAM	trial contents	US	Startle_Circle	Startle_ITI	C1	C2	C3	C5	C4	C6	C7	C8	C9	C10	No_Startle	Generalization_Block	No_US	Size	US_expect	Resp_Rev	US_Intensity	Total_trial_nr	group	
21622	Thu Nov 16 17:55:32 2017	2	1	343::51	2249.14		0	1	0	1	0	0	0	0	0	0	0	0	0	0	0	1	20	1		480	1	1	
21622	Thu Nov 16 17:55:50 2017	2	2	284::10	2249.14		0	1	0	0	0	0	0	0	0	0	0	0	1	0	0	1	39	1		480	2	1	
21622	Thu Nov 16 17:56:09 2017	2	3	0::1	2249.14		0	0	1	0	0	0	0	0	0	0	0	0	0	0	0	1	999			480	3	1	
21622	Thu Nov 16 17:56:17 2017	2	4	261::10	2249.14		0	1	0	0	0	0	0	0	0	0	0	0	1	0	0	1	49	4		480	4	1	
21622	Thu Nov 16 17:56:36 2017	2	5	272::10	2249.14		0	1	0	0	0	0	0	0	0	0	0	0	1	0	0	1	59	3		480	5	1	
21622	Thu Nov 16 17:56:53 2017	2	6	355::12	2249.14		0	1	0	1	0	0	0	0	0	0	0	0	0	0	0	1	19	2		480	6	1	
21622	Thu Nov 16 17:57:12 2017	2	7	0::1	2249.14		0	0	1	0	0	0	0	0	0	0	0	0	0	0	0	1	999			480	7	1	
21622	Thu Nov 16 17:57:20 2017	2	8	284::10	2249.14		0	1	0	1	0	0	0	0	0	0	0	0	0	0	0	1	20	1		480	8	1	
21622	Thu Nov 16 17:57:38 2017	2	9	0::1	2249.14		0	0	1	0	0	0	0	0	0	0	0	0	0	0	0	1	999			480	9	1	
21622	Thu Nov 16 17:57:46 2017	2	10	0::1	2249.14		0	0	1	0	0	0	0	0	0	0	0	0	0	0	0	1	999			480	10	1	
21622	Thu Nov 16 17:58:18 2017	3	1	340::11	2249.14		0	1	0	0	0	0	0	0	0	0	0	0	1	0	0	1	50	4		480	11	1	
21622	Thu Nov 16 17:58:37 2017	3	2	285::10	2249.14		0	0	0	0	0	0	0	0	0	0	0	0	1	1	0	1	59	4		480	12	1	
21622	Thu Nov 16 17:58:55 2017	3	3	248::10	2249.14		1	1	0	1	0	0	0	0	0	0	0	0	0	0	0	0	20	2		480	13	1	
21622	Thu Nov 16 17:59:13 2017	3	4	242::10	2249.14		0	0	0	0	0	0	0	0	0	0	0	0	1	1	0	1	50	4		480	14	1	
21622	Thu Nov 16 17:59:32 2017	3	5	410::10	2249.14		1	1	0	1	0	0	0	0	0	0	0	0	0	0	0	0	20	8		480	15	1	
21622	Thu Nov 16 17:59:50 2017	3	6	576::10	2249.14		1	0	0	1	0	0	0	0	0	0	0	0	0	1	0	0	19	9		480	16	1	
21622	Thu Nov 16 18:00:09 2017	3	7	265::10	2249.14		0	1	0	0	0	0	0	0	0	0	0	0	1	0	0	1	50	3		480	17	1	
21622	Thu Nov 16 18:00:26 2017	3	8	395::10	2249.14		0	0	0	0	0	0	0	0	0	0	0	0	1	1	0	1	50	9		480	18	1	
21622	Thu Nov 16 18:00:45 2017	3	9	471::10	2249.14		1	1	0	1	0	0	0	0	0	0	0	0	0	0	0	0	21	9		480	19	1	
21622	Thu Nov 16 18:01:03 2017	3	10	372::10	2249.14		0	0	0	0	0	0	0	0	0	0	0	0	1	1	0	1	61	2		480	20	1	
21622	Thu Nov 16 18:01:21 2017	3	11	539::10	2249.14		0	1	0	0	0	0	0	0	0	0	0	0	1	0	0	1	55	2		480	21	1	
21622	Thu Nov 16 18:01:40 2017	3	12	687::10	2249.14		1	0	0	1	0	0	0	0	0	0	0	0	0	1	0	0	20	10		480	22	1	
21622	Thu Nov 16 18:01:59 2017	3	13	0::1	2249.14		0	0	1	0	0	0	0	0	0	0	0	0	0	0	0	1	999			480	23	1	
21622	Thu Nov 16 18:02:08 2017	3	14	265::10	2249.14		0	0	0	1	0	0	0	0	0	0	0	0	0	1	0	1	20	10		480	24	1	
21622	Thu Nov 16 18:02:27 2017	3	15	280::10	2249.14		0	1	0	1	0	0	0	0	0	0	0	0	0	0	0	1	19	10		480	25	1	
21622	Thu Nov 16 18:02:46 2017	3	16	431::11	2249.14		0	0	0	0	0	0	0	0	0	0	0	0	1	1	0	1	52	2		480	26	1	
21622	Thu Nov 16 18:03:06 2017	3	17	490::10	2249.14		0	1	0	0	0	0	0	0	0	0	0	0	1	0	0	1	56	2		480	27	1	
21622	Thu Nov 16 18:03:23 2017	3	18	377::10	2249.14		1	0	0	1	0	0	0	0	0	0	0	0	0	1	0	0	20	10		480	28	1	
21622	Thu Nov 16 18:03:42 2017	3	19	497::10	2249.14		0	1	0	0	0	0	0	0	0	0	0	0	1	0	0	1	50	2		480	29	1	
21622	Thu Nov 16 18:04:00 2017	3	20	373::10	2249.14		0	0	0	0	0	0	0	0	0	0	0	0	1	1	0	1	50	2		480	30	1	
21622	Thu Nov 16 18:04:18 2017	3	21	307::10	2249.14		1	1	0	1	0	0	0	0	0	0	0	0	0	0	0	0	20	10		480	31	1	
21622	Thu Nov 16 18:04:35 2017	3	22	270::10	2249.14		1	0	0	1	0	0	0	0	0	0	0	0	0	1	0	0	20	10		480	32	1	
21622	Thu Nov 16 18:04:53 2017	3	23	279::10	2249.14		1	0	0	1	0	0	0	0	0	0	0	0	0	1	0	0	20	10		480	33	1	
21622	Thu Nov 16 18:05:12 2017	3	24	326::10	2249.14		0	0	0	0	0	0	0	0	0	0	0	0	1	1	0	1	51	1		480	34	1	
21622	Thu Nov 16 18:05:31 2017	3	25	264::11	2249.14		1	0	0	1	0	0	0	0	0	0	0	0	0	1	0	0	20	9		480	35	1	
21622	Thu Nov 16 18:05:50 2017	4	1	267::10	2249.14		0	1	0	0	0	0	0	0	0	0	0	0	1	0	1	1	52	2		480	36	1	
21622	Thu Nov 16 18:06:10 2017	4	2	285::11	2249.14		0	0	0	0	0	1	0	0	0	0	0	0	0	1	1	1	21	10		480	37	1	
21622	Thu Nov 16 18:06:28 2017	4	3	240::11	2249.14		0	1	0	0	0	0	0	0	0	0	1	0	0	0	1	1	51	2		480	38	1	
21622	Thu Nov 16 18:06:46 2017	4	4	244::10	2249.14		0	0	0	0	0	0	0	0	1	0	0	0	0	1	1	1	51	2		480	39	1	
21622	Thu Nov 16 18:07:06 2017	4	5	233::10	2249.14		0	1	0	0	0	0	0	1	0	0	0	0	0	0	1	1	20	10		480	40	1	
21622	Thu Nov 16 18:07:25 2017	4	6	0::1	2249.14		0	0	1	0	0	0	0	0	0	0	0	0	0	0	1	1	999			480	41	1	
21622	Thu Nov 16 18:07:34 2017	4	7	371::10	2249.14		0	0	0	0	0	0	0	0	0	0	0	0	1	1	1	1	56	1		480	42	1	
21622	Thu Nov 16 18:07:51 2017	4	8	265::12	2249.14		0	1	0	0	1	0	0	0	0	0	0	0	0	0	1	1	21	10		480	43	1	
21622	Thu Nov 16 18:08:10 2017	4	9	356::10	2249.14		1	0	0	1	0	0	0	0	0	0	0	0	0	1	1	0	20	10		480	44	1	
21622	Thu Nov 16 18:08:29 2017	4	10	249::12	2249.14		1	1	0	1	0	0	0	0	0	0	0	0	0	0	1	0	20	10		480	45	1	
21622	Thu Nov 16 18:08:47 2017	4	11	248::10	2249.14		0	0	0	0	0	0	0	0	0	1	0	0	0	1	1	1	50	1		480	46	1	
21622	Thu Nov 16 18:09:07 2017	4	12	254::10	2249.14		0	1	0	0	0	0	0	0	1	0	0	0	0	0	1	1	52	1		480	47	1	
21622	Thu Nov 16 18:09:26 2017	4	13	285::10	2249.14		0	0	0	0	0	0	0	0	0	0	0	0	1	1	1	1	51	1		480	48	1	
21622	Thu Nov 16 18:09:45 2017	4	14	0::1	2249.14		0	0	1	0	0	0	0	0	0	0	0	0	0	0	1	1	999			480	49	1	
21622	Thu Nov 16 18:09:53 2017	4	15	314::12	2249.14		0	1	0	0	0	0	0	0	0	0	0	1	0	0	1	1	50	1		480	50	1	
21622	Thu Nov 16 18:10:11 2017	4	16	548::10	2249.14		0	0	0	0	0	1	0	0	0	0	0	0	0	1	1	1	20	10		480	51	1	
21622	Thu Nov 16 18:10:28 2017	4	17	405::10	2249.14		0	1	0	0	0	0	0	0	0	0	0	1	0	0	1	1	50	1		480	52	1	
21622	Thu Nov 16 18:10:45 2017	4	18	223::10	2249.14		0	0	0	0	0	0	1	0	0	0	0	0	0	1	1	1	21	10		480	53	1	
21622	Thu Nov 16 18:11:03 2017	4	19	598::10	2249.14		0	1	0	0	0	0	0	0	0	0	0	0	1	0	1	1	55	2		480	54	1	
21622	Thu Nov 16 18:11:23 2017	4	20	222::10	2249.14		0	0	0	0	1	0	0	0	0	0	0	0	0	1	1	1	20	10		480	55	1	
21622	Thu Nov 16 18:11:41 2017	4	21	408::10	2249.14		0	1	0	0	0	0	1	0	0	0	0	0	0	0	1	1	18	9		480	56	1	
21622	Thu Nov 16 18:12:00 2017	4	22	295::10	2249.14		0	0	0	0	0	0	1	0	0	0	0	0	0	1	1	1	49	2		480	57	1	
21622	Thu Nov 16 18:12:20 2017	4	23	656::11	2249.14		0	1	0	0	0	0	0	0	0	0	1	0	0	0	1	1	55	2		480	58	1	
21622	Thu Nov 16 18:12:38 2017	4	24	467::11	2249.14		0	0	0	0	0	0	0	0	0	0	1	0	0	1	1	1	55	2		480	59	1	
21622	Thu Nov 16 18:12:57 2017	4	25	612::10	2249.14		0	1	0	1	0	0	0	0	0	0	0	0	0	0	1	1	20	2		480	60	1	
21622	Thu Nov 16 18:13:14 2017	4	26	454::10	2249.14		0	0	0	0	0	0	0	0	1	0	0	0	0	1	1	1	55	1		480	61	1	
21622	Thu Nov 16 18:13:34 2017	4	27	512::10	2249.14		0	1	0	0	0	0	0	1	0	0	0	0	0	0	1	1	50	1		480	62	1	
21622	Thu Nov 16 18:13:53 2017	4	28	690::10	2249.14		0	0	0	0	0	0	0	0	0	0	0	0	1	1	1	1	59	2		480	63	1	
21622	Thu Nov 16 18:14:10 2017	4	29	373::10	2249.14		0	1	0	0	0	1	0	0	0	0	0	0	0	0	1	1	21	7		480	64	1	
21622	Thu Nov 16 18:14:29 2017	4	30	624::10	2249.14		0	0	0	0	0	0	0	0	0	0	0	0	1	1	1	1	60	1		480	65	1	
21622	Thu Nov 16 18:14:49 2017	4	31	796::10	2249.14		1	1	0	1	0	0	0	0	0	0	0	0	0	0	1	0	20	5		480	66	1	
21622	Thu Nov 16 18:15:06 2017	4	32	281::10	2249.14		0	0	0	0	0	0	0	1	0	0	0	0	0	1	1	1	50	2		480	67	1	
21622	Thu Nov 16 18:15:24 2017	4	33	406::10	2249.14		0	1	0	0	0	0	0	0	0	1	0	0	0	0	1	1	55	1		480	68	1	
21622	Thu Nov 16 18:15:43 2017	4	34	385::10	2249.14		0	0	0	0	1	0	0	0	0	0	0	0	0	1	1	1	20	9		480	69	1	
21622	Thu Nov 16 18:16:01 2017	4	35	245::10	2249.14		0	1	0	0	0	0	0	0	0	1	0	0	0	0	1	1	50	1		480	70	1	
21622	Thu Nov 16 18:16:21 2017	4	36	709::10	2249.14		0	0	0	0	0	0	0	0	0	0	1	0	0	1	1	1	60	2		480	71	1	
21622	Thu Nov 16 18:16:40 2017	4	37	454::11	2249.14		0	1	0	0	1	0	0	0	0	0	0	0	0	0	1	1	32	8		480	72	1	
21622	Thu Nov 16 18:16:57 2017	4	38	433::10	2249.14		1	0	0	1	0	0	0	0	0	0	0	0	0	1	1	0	20	8		480	73	1	
21622	Thu Nov 16 18:17:17 2017	4	39	255::12	2249.14		0	1	0	0	0	0	0	0	0	0	0	0	1	0	1	1	59	2		480	74	1	
21622	Thu Nov 16 18:17:36 2017	4	40	398::10	2249.14		0	0	0	0	0	0	0	0	0	0	0	1	0	1	1	1	55	2		480	75	1	
21622	Thu Nov 16 18:17:55 2017	4	41	274::10	2249.14		0	1	0	0	0	0	1	0	0	0	0	0	0	0	1	1	50	2		480	76	1	
21622	Thu Nov 16 18:18:12 2017	4	42	300::10	2249.14		0	0	0	0	0	0	0	1	0	0	0	0	0	1	1	1	51	2		480	77	1	
21622	Thu Nov 16 18:18:30 2017	4	43	435::10	2249.14		0	1	0	0	0	0	0	0	0	0	0	0	1	0	1	1	60	1		480	78	1	
21622	Thu Nov 16 18:18:48 2017	4	44	413::10	2249.14		1	0	0	1	0	0	0	0	0	0	0	0	0	1	1	0	20	10		480	79	1	
21622	Thu Nov 16 18:19:06 2017	4	45	481::12	2249.14		0	1	0	0	0	1	0	0	0	0	0	0	0	0	1	1	49	1		480	80	1	
21622	Thu Nov 16 18:19:24 2017	4	46	575::10	2249.14		0	0	0	0	0	0	0	0	0	1	0	0	0	1	1	1	60	2		480	81	1	
21622	Thu Nov 16 18:19:42 2017	4	47	269::11	2249.14		1	1	0	1	0	0	0	0	0	0	0	0	0	0	1	0	20	10		480	82	1	
21622	Thu Nov 16 18:20:02 2017	4	48	285::10	2249.14		0	0	0	1	0	0	0	0	0	0	0	0	0	1	1	1	20	10		480	83	1	
21622	Thu Nov 16 18:20:19 2017	4	49	436::12	2249.14		0	1	0	0	0	0	0	0	1	0	0	0	0	0	1	1	50	1		480	84	1	
21622	Thu Nov 16 18:20:39 2017	4	50	434::10	2249.14		0	0	0	0	0	0	0	0	0	0	0	1	0	1	1	1	60	1		480	85	1	
21622	Thu Nov 16 18:23:05 2017	5	1	270::10	2249.14		1	0	0	1	0	0	0	0	0	0	0	0	0	1	1	0	20	10		480	86	1	
21622	Thu Nov 16 18:23:25 2017	5	2	245::10	2249.14		0	0	0	1	0	0	0	0	0	0	0	0	0	1	1	1	20	10		480	87	1	
21622	Thu Nov 16 18:23:43 2017	5	3	268::10	2249.14		1	0	0	1	0	0	0	0	0	0	0	0	0	1	1	0	19	10		480	88	1	
21622	Thu Nov 16 18:24:02 2017	5	4	270::10	2249.14		1	0	0	1	0	0	0	0	0	0	0	0	0	1	1	0	20	7		480	89	1	
21622	Thu Nov 16 18:24:21 2017	5	5	396::10	2249.14		1	1	0	1	0	0	0	0	0	0	0	0	0	0	1	0	20	10		480	90	1	
21622	Thu Nov 16 18:24:40 2017	5	6	301::10	2249.14		1	1	0	1	0	0	0	0	0	0	0	0	0	0	1	0	20	10		480	91	1	
21622	Thu Nov 16 18:24:59 2017	6	1	527::10	2249.14		0	0	0	0	0	0	1	0	0	0	0	0	0	1	1	1	50	2		480	92	1	
21622	Thu Nov 16 18:25:16 2017	6	2	259::10	2249.14		0	1	0	0	1	0	0	0	0	0	0	0	0	0	1	1	19	10		480	93	1	
21622	Thu Nov 16 18:25:34 2017	6	3	259::10	2249.14		0	0	0	0	0	0	0	0	0	0	0	0	1	1	1	1	60	2		480	94	1	
21622	Thu Nov 16 18:25:53 2017	6	4	316::11	2249.14		0	1	0	0	0	0	0	0	0	0	0	0	1	0	1	1	60	2		480	95	1	
21622	Thu Nov 16 18:26:12 2017	6	5	777::10	2249.14		0	0	0	0	0	0	0	0	0	1	0	0	0	1	1	1	55	2		480	96	1	
21622	Thu Nov 16 18:26:30 2017	6	6	0::1	2249.14		0	0	1	0	0	0	0	0	0	0	0	0	0	0	1	1	999			480	97	1	
21622	Thu Nov 16 18:26:38 2017	6	7	271::10	2249.14		0	0	0	1	0	0	0	0	0	0	0	0	0	1	1	1	20	10		480	98	1	
21622	Thu Nov 16 18:26:55 2017	6	8	252::10	2249.14		0	1	0	0	0	0	0	0	1	0	0	0	0	0	1	1	51	2		480	99	1	
21622	Thu Nov 16 18:27:15 2017	6	9	405::10	2249.14		0	0	0	0	1	0	0	0	0	0	0	0	0	1	1	1	20	10		480	100	1	
21622	Thu Nov 16 18:27:35 2017	6	10	575::10	2249.14		0	1	0	0	1	0	0	0	0	0	0	0	0	0	1	1	20	10		480	101	1	
21622	Thu Nov 16 18:27:52 2017	6	11	662::10	2249.14		0	0	0	0	0	0	0	0	1	0	0	0	0	1	1	1	50	1		480	102	1	
21622	Thu Nov 16 18:28:12 2017	6	12	416::10	2249.14		0	1	0	0	0	0	0	1	0	0	0	0	0	0	1	1	50	2		480	103	1	
21622	Thu Nov 16 18:28:31 2017	6	13	252::10	2249.14		0	0	0	0	0	0	1	0	0	0	0	0	0	1	1	1	50	1		480	104	1	
21622	Thu Nov 16 18:28:49 2017	6	14	303::11	2249.14		0	1	0	0	0	0	0	0	1	0	0	0	0	0	1	1	50	2		480	105	1	
21622	Thu Nov 16 18:29:08 2017	6	15	450::11	2249.14		1	0	0	1	0	0	0	0	0	0	0	0	0	1	1	0	20	10		480	106	1	
21622	Thu Nov 16 18:29:26 2017	6	16	0::1	2249.14		0	0	1	0	0	0	0	0	0	0	0	0	0	0	1	1	999			480	107	1	
21622	Thu Nov 16 18:29:34 2017	6	17	406::10	2249.14		0	0	0	0	0	0	0	1	0	0	0	0	0	1	1	1	50	1		480	108	1	
21622	Thu Nov 16 18:29:52 2017	6	18	512::10	2249.14		0	1	0	0	0	0	0	0	0	1	0	0	0	0	1	1	60	2		480	109	1	
21622	Thu Nov 16 18:30:12 2017	6	19	728::10	2249.14		0	0	0	0	0	0	0	0	0	0	0	1	0	1	1	1	60	2		480	110	1	
21622	Thu Nov 16 18:30:30 2017	6	20	401::10	2249.14		0	1	0	0	0	0	0	1	0	0	0	0	0	0	1	1	31	3		480	111	1	
21622	Thu Nov 16 18:30:49 2017	6	21	284::10	2249.14		0	0	0	0	0	0	0	0	1	0	0	0	0	1	1	1	50	1		480	112	1	
21622	Thu Nov 16 18:31:07 2017	6	22	671::10	2249.14		0	1	0	0	0	0	0	0	0	0	0	0	1	0	1	1	60	1		480	113	1	
21622	Thu Nov 16 18:31:25 2017	6	23	609::10	2249.14		0	0	0	0	0	0	0	0	0	0	1	0	0	1	1	1	55	1		480	114	1	
21622	Thu Nov 16 18:31:43 2017	6	24	517::10	2249.14		0	1	0	1	0	0	0	0	0	0	0	0	0	0	1	1	20	10		480	115	1	
21622	Thu Nov 16 18:32:00 2017	6	25	457::10	2249.14		0	0	0	0	0	0	0	0	0	0	0	0	1	1	1	1	60	2		480	116	1	
21622	Thu Nov 16 18:32:18 2017	6	26	238::10	2249.14		1	1	0	1	0	0	0	0	0	0	0	0	0	0	1	0	20	10		480	117	1	
21622	Thu Nov 16 18:32:37 2017	6	27	438::10	2249.14		0	0	0	0	0	0	0	1	0	0	0	0	0	1	1	1	50	1		480	118	1	
21622	Thu Nov 16 18:32:56 2017	6	28	239::10	2249.14		0	1	0	0	0	0	0	0	0	0	1	0	0	0	1	1	50	1		480	119	1	
21622	Thu Nov 16 18:33:16 2017	6	29	571::10	2249.14		1	0	0	1	0	0	0	0	0	0	0	0	0	1	1	0	20	10		480	120	1	
21622	Thu Nov 16 18:33:34 2017	6	30	284::10	2249.14		0	1	0	0	0	0	1	0	0	0	0	0	0	0	1	1	50	1		480	121	1	
21622	Thu Nov 16 18:33:52 2017	6	31	332::10	2249.14		0	0	0	0	0	1	0	0	0	0	0	0	0	1	1	1	49	2		480	122	1	
21622	Thu Nov 16 18:34:09 2017	6	32	549::10	2249.14		0	1	0	0	0	0	0	0	0	0	0	1	0	0	1	1	65	1		480	123	1	
21622	Thu Nov 16 18:34:29 2017	6	33	260::11	2249.14		0	0	0	0	0	0	0	0	0	1	0	0	0	1	1	1	50	1		480	124	1	
21622	Thu Nov 16 18:34:47 2017	6	34	283::10	2249.14		0	1	0	0	0	1	0	0	0	0	0	0	0	0	1	1	20	10		480	125	1	
21622	Thu Nov 16 18:35:05 2017	6	35	364::10	2249.14		0	0	0	0	0	0	0	0	0	0	0	0	1	1	1	1	65	1		480	126	1	
21622	Thu Nov 16 18:35:25 2017	6	36	313::12	2249.14		0	1	0	0	0	0	1	0	0	0	0	0	0	0	1	1	50	1		480	127	1	
21622	Thu Nov 16 18:35:44 2017	6	37	490::10	2249.14		0	0	0	0	0	0	0	0	0	0	0	0	1	1	1	1	65	1		480	128	1	
21622	Thu Nov 16 18:36:01 2017	6	38	280::10	2249.14		0	1	0	0	0	0	0	0	0	0	0	0	1	0	1	1	55	1		480	129	1	
21622	Thu Nov 16 18:36:19 2017	6	39	344::10	2249.14		0	0	0	0	0	1	0	0	0	0	0	0	0	1	1	1	21	10		480	130	1	
21622	Thu Nov 16 18:36:36 2017	6	40	280::10	2249.14		0	1	0	0	0	0	0	0	0	1	0	0	0	0	1	1	54	1		480	131	1	
21622	Thu Nov 16 18:36:55 2017	6	41	349::10	2249.14		0	0	0	0	0	0	0	0	0	0	0	1	0	1	1	1	60	1		480	132	1	
21622	Thu Nov 16 18:37:13 2017	6	42	268::10	2249.14		0	1	0	0	0	0	0	0	0	0	1	0	0	0	1	1	50	1		480	133	1	
21622	Thu Nov 16 18:37:30 2017	6	43	439::10	2249.14		0	0	0	0	1	0	0	0	0	0	0	0	0	1	1	1	20	10		480	134	1	
21622	Thu Nov 16 18:37:49 2017	6	44	286::10	2249.14		1	1	0	1	0	0	0	0	0	0	0	0	0	0	1	0	20	10		480	135	1	
21622	Thu Nov 16 18:38:08 2017	6	45	431::10	2249.14		0	0	0	0	0	0	0	0	0	0	1	0	0	1	1	1	60	1		480	136	1	
21622	Thu Nov 16 18:38:28 2017	6	46	220::12	2249.14		0	1	0	0	0	1	0	0	0	0	0	0	0	0	1	1	40	2		480	137	1	
21622	Thu Nov 16 18:38:47 2017	6	47	662::10	2249.14		1	0	0	1	0	0	0	0	0	0	0	0	0	1	1	0	19	10		480	138	1	
21622	Thu Nov 16 18:39:06 2017	6	48	540::10	2249.14		1	1	0	1	0	0	0	0	0	0	0	0	0	0	1	0	20	10		480	139	1	
21622	Thu Nov 16 18:39:23 2017	6	49	575::10	2249.14		0	1	0	0	0	0	0	0	0	0	0	0	1	0	1	1	65	1		480	140	1	
21622	Thu Nov 16 18:39:43 2017	6	50	289::10	2249.14		0	1	0	0	0	0	0	0	0	0	0	1	0	0	1	1	60	1		480	141	1	
21622	Thu Nov 16 18:42:09 2017	8	1	244::10	2249.14		0	0	0	1	0	0	0	0	0	0	0	0	0	1	1	1	20	10		480	142	1	
21622	Thu Nov 16 18:42:27 2017	8	2	406::10	2249.14		1	0	0	1	0	0	0	0	0	0	0	0	0	1	1	0	21	10		480	143	1	
21622	Thu Nov 16 18:42:47 2017	8	3	227::10	2249.14		1	0	0	1	0	0	0	0	0	0	0	0	0	1	1	0	19	10		480	144	1	
21622	Thu Nov 16 18:43:07 2017	8	4	300::10	2249.14		1	0	0	1	0	0	0	0	0	0	0	0	0	1	1	0	20	10		480	145	1	
21622	Thu Nov 16 18:43:27 2017	8	5	324::10	2249.14		1	1	0	1	0	0	0	0	0	0	0	0	0	0	1	0	20	10		480	146	1	
21622	Thu Nov 16 18:43:46 2017	8	6	287::10	2249.14		1	1	0	1	0	0	0	0	0	0	0	0	0	0	1	0	20	10		480	147	1	
21622	Thu Nov 16 18:44:03 2017	9	1	417::10	2249.14		0	0	0	0	0	0	0	0	1	0	0	0	0	1	1	1	55	1		480	148	1	
21622	Thu Nov 16 18:44:23 2017	9	2	293::10	2249.14		0	1	0	0	0	0	0	0	0	0	0	0	1	0	1	1	64	1		480	149	1	
21622	Thu Nov 16 18:44:42 2017	9	3	436::10	2249.14		0	0	0	0	0	0	0	0	0	1	0	0	0	1	1	1	50	2		480	150	1	
21622	Thu Nov 16 18:45:00 2017	9	4	434::10	2249.14		1	1	0	1	0	0	0	0	0	0	0	0	0	0	1	0	20	10		480	151	1	
21622	Thu Nov 16 18:45:17 2017	9	5	516::10	2249.14		0	0	0	0	0	0	0	0	0	0	0	1	0	1	1	1	65	1		480	152	1	
21622	Thu Nov 16 18:45:35 2017	9	6	254::10	2249.14		0	1	0	0	0	0	0	0	1	0	0	0	0	0	1	1	49	1		480	153	1	
21622	Thu Nov 16 18:45:53 2017	9	7	285::10	2249.14		0	0	0	0	0	0	1	0	0	0	0	0	0	1	1	1	51	1		480	154	1	
21622	Thu Nov 16 18:46:13 2017	9	8	301::10	2249.14		0	1	0	0	0	0	0	0	0	0	0	1	0	0	1	1	64	1		480	155	1	
21622	Thu Nov 16 18:46:33 2017	9	9	431::10	2249.14		0	0	0	0	0	0	0	0	0	0	0	1	0	1	1	1	65	2		480	156	1	
21622	Thu Nov 16 18:46:51 2017	9	10	0::1	2249.14		0	0	1	0	0	0	0	0	0	0	0	0	0	0	1	1	999			480	157	1	
21622	Thu Nov 16 18:47:00 2017	9	11	369::10	2249.14		0	0	0	0	0	0	0	0	1	0	0	0	0	1	1	1	50	1		480	158	1	
21622	Thu Nov 16 18:47:17 2017	9	12	302::11	2249.14		0	1	0	0	0	0	0	0	1	0	0	0	0	0	1	1	50	1		480	159	1	
21622	Thu Nov 16 18:47:36 2017	9	13	276::10	2249.14		0	0	0	0	0	0	1	0	0	0	0	0	0	1	1	1	50	1		480	160	1	
21622	Thu Nov 16 18:47:55 2017	9	14	418::10	2249.14		0	1	0	0	1	0	0	0	0	0	0	0	0	0	1	1	20	10		480	161	1	
21622	Thu Nov 16 18:48:15 2017	9	15	512::10	2249.14		0	0	0	0	0	0	0	0	0	0	1	0	0	1	1	1	66	2		480	162	1	
21622	Thu Nov 16 18:48:33 2017	9	16	309::10	2249.14		0	1	0	0	0	1	0	0	0	0	0	0	0	0	1	1	49	2		480	163	1	
21622	Thu Nov 16 18:48:53 2017	9	17	260::10	2249.14		0	0	0	0	0	0	0	1	0	0	0	0	0	1	1	1	50	1		480	164	1	
21622	Thu Nov 16 18:49:13 2017	9	18	461::12	2249.14		0	1	0	0	0	0	0	0	0	0	0	0	1	0	1	1	60	1		480	165	1	
21622	Thu Nov 16 18:49:32 2017	9	19	599::10	2249.14		0	0	0	0	0	0	0	0	0	0	0	0	1	1	1	1	65	1		480	166	1	
21622	Thu Nov 16 18:49:50 2017	9	20	369::11	2249.14		0	1	0	0	1	0	0	0	0	0	0	0	0	0	1	1	20	10		480	167	1	
21622	Thu Nov 16 18:50:09 2017	9	21	292::10	2249.14		0	0	0	0	0	0	0	0	0	0	0	0	1	1	1	1	65	1		480	168	1	
21622	Thu Nov 16 18:50:27 2017	9	22	246::10	2249.14		0	1	0	0	0	0	0	1	0	0	0	0	0	0	1	1	50	1		480	169	1	
21622	Thu Nov 16 18:50:44 2017	9	23	297::10	2249.14		1	0	0	1	0	0	0	0	0	0	0	0	0	1	1	0	21	10		480	170	1	
21622	Thu Nov 16 18:51:04 2017	9	24	623::11	2249.14		0	1	0	0	0	0	0	0	0	0	1	0	0	0	1	1	55	1		480	171	1	
21622	Thu Nov 16 18:51:21 2017	9	25	321::10	2249.14		0	0	0	0	0	1	0	0	0	0	0	0	0	1	1	1	50	1		480	172	1	
21622	Thu Nov 16 18:51:40 2017	9	26	452::10	2249.14		0	1	0	0	0	0	0	0	0	0	0	0	1	0	1	1	65	1		480	173	1	
21622	Thu Nov 16 18:51:59 2017	9	27	301::10	2249.14		0	0	0	1	0	0	0	0	0	0	0	0	0	1	1	1	20	10		480	174	1	
21622	Thu Nov 16 18:52:19 2017	9	28	275::10	2249.14		0	1	0	0	0	0	0	0	0	1	0	0	0	0	1	1	51	1		480	175	1	
21622	Thu Nov 16 18:52:38 2017	9	29	522::10	2249.14		0	0	0	0	0	0	0	0	0	0	1	0	0	1	1	1	55	1		480	176	1	
21622	Thu Nov 16 18:52:55 2017	9	30	395::10	2249.14		0	1	0	0	0	0	0	0	0	0	1	0	0	0	1	1	55	1		480	177	1	
21622	Thu Nov 16 18:53:14 2017	9	31	2::2	2249.14		0	0	1	0	0	0	0	0	0	0	0	0	0	0	1	1	999			480	178	1	
21622	Thu Nov 16 18:53:24 2017	9	32	350::10	2249.14		1	1	0	1	0	0	0	0	0	0	0	0	0	0	1	0	20	10		480	179	1	
21622	Thu Nov 16 18:53:43 2017	9	33	426::10	2249.14		0	0	0	0	0	0	0	1	0	0	0	0	0	1	1	1	50	1		480	180	1	
21622	Thu Nov 16 18:54:03 2017	9	34	253::10	2249.14		0	1	0	0	0	0	1	0	0	0	0	0	0	0	1	1	50	1		480	181	1	
21622	Thu Nov 16 18:54:20 2017	9	35	462::10	2249.14		0	0	0	0	0	0	0	0	0	0	0	0	1	1	1	1	50	1		480	182	1	
21622	Thu Nov 16 18:54:38 2017	9	36	285::11	2249.14		0	1	0	0	0	0	0	1	0	0	0	0	0	0	1	1	48	1		480	183	1	
21622	Thu Nov 16 18:54:57 2017	9	37	309::10	2249.14		0	0	0	0	1	0	0	0	0	0	0	0	0	1	1	1	20	10		480	184	1	
21622	Thu Nov 16 18:55:17 2017	9	38	280::10	2249.14		0	1	0	0	0	0	0	0	0	0	0	1	0	0	1	1	65	1		480	185	1	
21622	Thu Nov 16 18:55:36 2017	9	39	245::10	2249.14		0	0	0	0	1	0	0	0	0	0	0	0	0	1	1	1	19	10		480	186	1	
21622	Thu Nov 16 18:55:56 2017	9	40	438::10	2249.14		1	1	0	1	0	0	0	0	0	0	0	0	0	0	1	0	20	10		480	187	1	
21622	Thu Nov 16 18:56:14 2017	9	41	453::10	2249.14		0	0	0	0	0	0	0	0	0	1	0	0	0	1	1	1	55	1		480	188	1	
21622	Thu Nov 16 18:56:31 2017	9	42	253::10	2249.14		0	1	0	0	0	1	0	0	0	0	0	0	0	0	1	1	50	1		480	189	1	
21622	Thu Nov 16 18:56:51 2017	9	43	302::10	2249.14		0	0	0	0	0	1	0	0	0	0	0	0	0	1	1	1	50	1		480	190	1	
21622	Thu Nov 16 18:57:08 2017	9	44	326::10	2249.14		0	1	0	0	0	0	0	0	0	1	0	0	0	0	1	1	60	1		480	191	1	
21622	Thu Nov 16 18:57:27 2017	9	45	404::10	2249.14		0	0	0	0	0	0	0	0	0	0	0	0	1	1	1	1	65	1		480	192	1	
21622	Thu Nov 16 18:57:46 2017	9	46	238::10	2249.14		0	1	0	0	0	0	0	0	0	0	0	0	1	0	1	1	55	1		480	193	1	
21622	Thu Nov 16 18:58:03 2017	9	47	290::10	2249.14		1	0	0	1	0	0	0	0	0	0	0	0	0	1	1	0	19	10		480	194	1	
21622	Thu Nov 16 18:58:23 2017	9	48	443::11	2249.14		0	1	0	1	0	0	0	0	0	0	0	0	0	0	1	1	20	10		480	195	1	
21622	Thu Nov 16 18:58:40 2017	9	49	402::10	2249.14		1	0	0	1	0	0	0	0	0	0	0	0	0	1	1	0	20	10		480	196	1	
21622	Thu Nov 16 18:58:58 2017	9	50	278::10	2249.14		0	1	0	0	0	0	1	0	0	0	0	0	0	0	1	1	50	1		480	197	1	
