version	timestamp	block number	trial number	lost msec	free VRAM	trial contents	US	Startle_Circle	Startle_ITI	C4	C5	C6	C7	C8	C9	C10	No_Startle	Generalization_Block	No_US	Size	US_expect	US_Intensity	Total_trial_nr	
21622	Fri Nov 24 16:52:06 2017	2	1	201::45	2253.59		0	1	0	0	0	0	1	0	0	0	0	0	1	999	3	280	1	
21622	Fri Nov 24 16:52:25 2017	2	2	0::1	2253.59		0	0	1	0	0	0	0	0	0	0	0	0	1	999		280	2	
21622	Fri Nov 24 16:52:35 2017	2	3	257::12	2253.59		0	1	0	0	0	0	1	0	0	0	0	0	1	50	5	280	3	
21622	Fri Nov 24 16:52:52 2017	2	4	358::10	2253.59		0	1	0	0	0	0	1	0	0	0	0	0	1	54	6	280	4	
21622	Fri Nov 24 16:53:11 2017	2	5	427::11	2253.59		0	1	0	0	0	0	1	0	0	0	0	0	1	60	2	280	5	
21622	Fri Nov 24 16:53:30 2017	2	6	240::12	2253.59		0	1	0	0	0	0	1	0	0	0	0	0	1	50	9	280	6	
21622	Fri Nov 24 16:53:49 2017	2	7	598::10	2253.59		0	1	0	0	0	0	1	0	0	0	0	0	1	60	6	280	7	
21622	Fri Nov 24 16:54:07 2017	2	8	0::1	2253.59		0	0	1	0	0	0	0	0	0	0	0	0	1	999		280	8	
21622	Fri Nov 24 16:54:17 2017	2	9	2::2	2253.59		0	0	1	0	0	0	0	0	0	0	0	0	1	999		280	9	
21622	Fri Nov 24 16:54:27 2017	2	10	0::1	2253.59		0	0	1	0	0	0	0	0	0	0	0	0	1	999		280	10	
21622	Fri Nov 24 16:55:24 2017	3	1	233::10	2253.59		1	0	0	0	0	0	1	0	0	0	1	0	0	49	2	280	11	
21622	Fri Nov 24 16:55:44 2017	3	2	216::10	2253.59		0	1	0	0	0	0	1	0	0	0	0	0	1	60	5	280	12	
21622	Fri Nov 24 16:56:02 2017	3	3	257::10	2253.59		1	0	0	0	0	0	1	0	0	0	1	0	0	70	5	280	13	
21622	Fri Nov 24 16:56:22 2017	3	4	206::10	2253.59		0	1	0	0	0	0	1	0	0	0	0	0	1	50	3	280	14	
21622	Fri Nov 24 16:56:39 2017	3	5	251::11	2253.59		0	0	0	0	0	0	1	0	0	0	1	0	1	51	6	280	15	
21622	Fri Nov 24 16:56:57 2017	3	6	240::12	2253.59		1	1	0	0	0	0	1	0	0	0	0	0	0	69	4	280	16	
21622	Fri Nov 24 16:57:15 2017	3	7	267::10	2253.59		1	0	0	0	0	0	1	0	0	0	1	0	0	60	6	280	17	
21622	Fri Nov 24 16:57:33 2017	3	8	217::11	2253.59		0	1	0	0	0	0	1	0	0	0	0	0	1	80	6	280	18	
21622	Fri Nov 24 16:57:52 2017	3	9	277::10	2253.59		0	0	0	0	0	0	1	0	0	0	1	0	1	70	4	280	19	
21622	Fri Nov 24 16:58:11 2017	3	10	323::10	2253.59		1	1	0	0	0	0	1	0	0	0	0	0	0	70	5	280	20	
21622	Fri Nov 24 16:58:28 2017	3	11	408::11	2253.59		0	0	0	0	0	0	1	0	0	0	1	0	1	60	5	280	21	
21622	Fri Nov 24 16:58:48 2017	3	12	245::10	2253.59		1	1	0	0	0	0	1	0	0	0	0	0	0	50	6	280	22	
21622	Fri Nov 24 16:59:06 2017	3	13	0::1	2253.59		0	0	1	0	0	0	0	0	0	0	0	0	1	999		280	23	
21622	Fri Nov 24 16:59:14 2017	3	14	240::10	2253.59		1	0	0	0	0	0	1	0	0	0	1	0	0	60	7	280	24	
21622	Fri Nov 24 16:59:33 2017	3	15	225::10	2253.59		0	0	0	0	0	0	1	0	0	0	1	0	1	999	9	280	25	
21622	Fri Nov 24 16:59:51 2017	4	1	465::10	2253.59		0	1	0	0	0	1	0	0	0	0	0	1	1	40	9	280	26	
21622	Fri Nov 24 17:00:09 2017	4	2	250::10	2253.59		0	0	0	0	0	0	1	0	0	0	1	1	1	70	9	280	27	
21622	Fri Nov 24 17:00:29 2017	4	3	233::10	2253.59		1	1	0	0	0	0	1	0	0	0	0	1	0	59	7	280	28	
21622	Fri Nov 24 17:00:48 2017	4	4	257::11	2253.59		0	0	0	0	0	0	0	1	0	0	1	1	1	80	9	280	29	
21622	Fri Nov 24 17:01:07 2017	4	5	215::12	2253.59		0	1	0	0	0	0	1	0	0	0	0	1	1	70	9	280	30	
21622	Fri Nov 24 17:01:25 2017	4	6	498::10	2253.59		0	0	0	0	0	1	0	0	0	0	1	1	1	50	9	280	31	
21622	Fri Nov 24 17:01:44 2017	4	7	96::12	2253.59		0	1	0	1	0	0	0	0	0	0	0	1	1	999	6	280	32	
21622	Fri Nov 24 17:02:02 2017	4	8	270::10	2253.59		0	0	0	0	1	0	0	0	0	0	1	1	1	60	5	280	33	
21622	Fri Nov 24 17:02:21 2017	4	9	201::10	2253.59		0	1	0	0	0	0	0	1	0	0	0	1	1	100	9	280	34	
21622	Fri Nov 24 17:02:39 2017	4	10	364::11	2253.59		0	0	0	0	0	0	1	0	0	0	1	1	1	90	9	280	35	
21622	Fri Nov 24 17:02:57 2017	4	11	481::10	2253.59		0	1	0	0	0	0	1	0	0	0	0	1	1	80	9	280	36	
21622	Fri Nov 24 17:03:14 2017	4	12	303::10	2253.59		0	0	0	0	0	0	0	0	1	0	1	1	1	120	9	280	37	
21622	Fri Nov 24 17:03:32 2017	4	13	280::11	2253.59		0	1	0	0	0	0	0	0	1	0	0	1	1	120	2	280	38	
21622	Fri Nov 24 17:03:50 2017	4	14	135::10	2253.59		1	0	0	0	0	0	1	0	0	0	1	1	0	999	6	280	39	
21622	Fri Nov 24 17:04:09 2017	4	15	248::10	2253.59		0	1	0	0	1	0	0	0	0	0	0	1	1	40	9	280	40	
21622	Fri Nov 24 17:04:27 2017	4	16	251::11	2253.59		0	0	0	0	0	0	1	0	0	0	1	1	1	70	9	280	41	
21622	Fri Nov 24 17:04:47 2017	4	17	375::11	2253.59		0	1	0	0	0	0	0	0	0	1	0	1	1	130	9	280	42	
21622	Fri Nov 24 17:05:05 2017	4	18	220::10	2253.59		0	0	0	1	0	0	0	0	0	0	1	1	1	40	9	280	43	
21622	Fri Nov 24 17:05:22 2017	4	19	200::10	2253.59		0	1	0	0	1	0	0	0	0	0	0	1	1	60	3	280	44	
21622	Fri Nov 24 17:05:42 2017	4	20	150::11	2253.59		0	0	0	0	0	0	0	0	1	0	1	1	1	999	9	280	45	
21622	Fri Nov 24 17:06:01 2017	4	21	447::10	2253.59		0	1	0	0	0	0	0	0	0	1	0	1	1	140	9	280	46	
21622	Fri Nov 24 17:06:20 2017	4	22	0::1	2253.59		0	0	1	0	0	0	0	0	0	0	0	1	1	999		280	47	
21622	Fri Nov 24 17:06:27 2017	4	23	116::11	2253.59		1	0	0	0	0	0	1	0	0	0	1	1	0	999	9	280	48	
21622	Fri Nov 24 17:06:45 2017	4	24	551::10	2253.59		0	1	0	0	0	0	0	0	1	0	0	1	1	120	5	280	49	
21622	Fri Nov 24 17:07:04 2017	4	25	271::10	2253.59		1	0	0	0	0	0	1	0	0	0	1	1	0	70	5	280	50	
21622	Fri Nov 24 17:07:22 2017	4	26	329::10	2253.59		0	1	0	0	0	1	0	0	0	0	0	1	1	70	6	280	51	
21622	Fri Nov 24 17:07:40 2017	4	27	382::11	2253.59		1	0	0	0	0	0	1	0	0	0	1	1	0	100	8	280	52	
21622	Fri Nov 24 17:07:58 2017	4	28	0::1	2253.59		0	0	1	0	0	0	0	0	0	0	0	1	1	999		280	53	
21622	Fri Nov 24 17:08:06 2017	4	29	235::10	2253.59		0	0	0	0	0	0	0	0	0	1	1	1	1	140	8	280	54	
21622	Fri Nov 24 17:08:25 2017	4	30	235::10	2253.59		1	1	0	0	0	0	1	0	0	0	0	1	0	90	6	280	55	
21622	Fri Nov 24 17:08:43 2017	4	31	309::10	2253.59		0	0	0	0	1	0	0	0	0	0	1	1	1	50	10	280	56	
21622	Fri Nov 24 17:09:02 2017	4	32	227::10	2253.59		0	1	0	0	0	0	0	1	0	0	0	1	1	110	5	280	57	
21622	Fri Nov 24 17:09:20 2017	4	33	225::11	2253.59		0	0	0	0	0	0	0	1	0	0	1	1	1	100	7	280	58	
21622	Fri Nov 24 17:09:40 2017	4	34	250::12	2253.59		0	1	0	1	0	0	0	0	0	0	0	1	1	60	6	280	59	
21622	Fri Nov 24 17:09:58 2017	4	35	199::10	2253.59		0	0	0	0	0	1	0	0	0	0	1	1	1	90	7	280	60	
21622	Fri Nov 24 17:10:16 2017	4	36	219::11	2253.59		0	0	0	0	0	0	1	0	0	0	1	1	1	90	6	280	61	
21622	Fri Nov 24 17:10:34 2017	4	37	260::10	2253.59		0	0	0	0	0	0	0	0	0	1	1	1	1	120	8	280	62	
21622	Fri Nov 24 17:10:54 2017	4	38	86::10	2253.59		0	0	0	1	0	0	0	0	0	0	1	1	1	999	8	280	63	
21622	Fri Nov 24 17:14:29 2017	5	1	225::10	2253.59		1	0	0	0	0	0	1	0	0	0	1	1	0	72	7	280	64	
21622	Fri Nov 24 17:14:47 2017	5	2	10::4	2253.59		0	1	0	0	0	0	1	0	0	0	0	1	1	999	999	280	65	
21622	Fri Nov 24 17:15:06 2017	5	3	525::10	2253.59		1	0	0	0	0	0	1	0	0	0	1	1	0	71	9	280	66	
21622	Fri Nov 24 17:15:26 2017	5	4	360::11	2253.59		0	0	0	0	0	0	1	0	0	0	1	1	1	90	9	280	67	
21622	Fri Nov 24 17:15:43 2017	5	5	403::10	2253.59		0	0	0	0	0	0	1	0	0	0	1	1	1	70	9	280	68	
21622	Fri Nov 24 17:16:01 2017	5	6	225::10	2253.59		1	1	0	0	0	0	1	0	0	0	0	1	0	80	6	280	69	
21622	Fri Nov 24 17:16:20 2017	5	7	231::11	2253.59		0	0	0	0	0	0	1	0	0	0	1	1	1	81	9	280	70	
21622	Fri Nov 24 17:16:37 2017	5	8	221::10	2253.59		1	0	0	0	0	0	1	0	0	0	1	1	0	80	9	280	71	
21622	Fri Nov 24 17:16:55 2017	5	9	522::10	2253.59		1	1	0	0	0	0	1	0	0	0	0	1	0	80	8	280	72	
21622	Fri Nov 24 17:17:14 2017	5	10	119::6	2253.59		0	1	0	0	0	0	1	0	0	0	0	1	1	90	999	280	73	
21622	Fri Nov 24 17:17:32 2017	6	1	213::10	2253.59		0	0	0	0	0	0	1	0	0	0	1	1	1	80	9	280	74	
21622	Fri Nov 24 17:17:52 2017	6	2	250::10	2253.59		0	1	0	0	0	0	0	0	0	1	0	1	1	140	1	280	75	
21622	Fri Nov 24 17:18:09 2017	6	3	187::11	2253.59		0	0	0	0	0	1	0	0	0	0	1	1	1	85	1	280	76	
21622	Fri Nov 24 17:18:28 2017	6	4	240::10	2253.59		1	1	0	0	0	0	1	0	0	0	0	1	0	100	10	280	77	
21622	Fri Nov 24 17:18:47 2017	6	5	228::10	2253.59		0	0	0	0	1	0	0	0	0	0	1	1	1	70	1	280	78	
21622	Fri Nov 24 17:19:07 2017	6	6	340::11	2253.59		0	1	0	0	0	0	0	0	1	0	0	1	1	110	1	280	79	
21622	Fri Nov 24 17:19:26 2017	6	7	271::11	2253.59		0	0	0	1	0	0	0	0	0	0	1	1	1	60	10	280	80	
21622	Fri Nov 24 17:19:46 2017	6	8	81::10	2253.59		0	1	0	0	1	0	0	0	0	0	0	1	1	999	5	280	81	
21622	Fri Nov 24 17:20:04 2017	6	9	255::10	2253.59		0	0	0	0	0	0	0	0	1	0	1	1	1	110	1	280	82	
21622	Fri Nov 24 17:20:22 2017	6	10	284::11	2253.59		0	1	0	0	1	0	0	0	0	0	0	1	1	80	10	280	83	
21622	Fri Nov 24 17:20:40 2017	6	11	476::10	2253.59		0	0	0	0	0	0	0	0	1	0	1	1	1	100	1	280	84	
21622	Fri Nov 24 17:20:59 2017	6	12	262::10	2253.59		0	1	0	1	0	0	0	0	0	0	0	1	1	70	10	280	85	
21622	Fri Nov 24 17:21:18 2017	6	13	283::11	2253.59		1	0	0	0	0	0	1	0	0	0	1	1	0	91	5	280	86	
21622	Fri Nov 24 17:21:38 2017	6	14	2::2	2253.59		0	0	1	0	0	0	0	0	0	0	0	1	1	999		280	87	
21622	Fri Nov 24 17:21:47 2017	6	15	638::10	2253.59		0	1	0	0	0	0	0	0	1	0	0	1	1	141	1	280	88	
21622	Fri Nov 24 17:22:05 2017	6	16	286::11	2253.59		1	0	0	0	0	0	1	0	0	0	1	1	0	91	10	280	89	
21622	Fri Nov 24 17:22:25 2017	6	17	255::12	2253.59		0	1	0	0	0	0	0	0	0	1	0	1	1	130	1	280	90	
21622	Fri Nov 24 17:22:45 2017	6	18	448::10	2253.59		0	0	0	0	0	0	0	1	0	0	1	1	1	90	10	280	91	
21622	Fri Nov 24 17:23:02 2017	6	19	134::10	2253.59		0	1	0	0	0	0	0	1	0	0	0	1	1	999	1	280	92	
21622	Fri Nov 24 17:23:20 2017	6	20	336::11	2253.59		0	0	0	0	0	0	0	0	0	1	1	1	1	130	9	280	93	
21622	Fri Nov 24 17:23:39 2017	6	21	139::10	2253.59		0	1	0	0	0	1	0	0	0	0	0	1	1	999	1	280	94	
21622	Fri Nov 24 17:23:58 2017	6	22	423::10	2253.59		0	0	0	0	0	0	1	0	0	0	1	1	1	70	1	280	95	
21622	Fri Nov 24 17:24:18 2017	6	23	371::10	2253.59		0	1	0	0	0	0	1	0	0	0	0	1	1	80	10	280	96	
21622	Fri Nov 24 17:24:36 2017	6	24	166::10	2253.59		0	0	0	0	0	0	0	0	0	1	1	1	1	999	1	280	97	
21622	Fri Nov 24 17:24:55 2017	6	25	0::1	2253.59		0	0	1	0	0	0	0	0	0	0	0	1	1	999		280	98	
21622	Fri Nov 24 17:25:03 2017	6	26	143::6	2253.59		0	0	0	0	0	0	0	1	0	0	1	1	1	60	999	280	99	
21622	Fri Nov 24 17:25:22 2017	6	27	317::10	2253.59		1	1	0	0	0	0	1	0	0	0	0	1	0	60	10	280	100	
21622	Fri Nov 24 17:25:42 2017	6	28	567::11	2253.59		0	0	0	0	0	0	1	0	0	0	1	1	1	70	10	280	101	
21622	Fri Nov 24 17:26:01 2017	6	29	337::10	2253.59		0	1	0	0	0	1	0	0	0	0	0	1	1	60	10	280	102	
21622	Fri Nov 24 17:26:20 2017	6	30	145::10	2253.59		1	0	0	0	0	0	1	0	0	0	1	1	0	999	1	280	103	
21622	Fri Nov 24 17:26:38 2017	6	31	330::6	2253.59		0	1	0	0	0	0	1	0	0	0	0	1	1	60	999	280	104	
21622	Fri Nov 24 17:26:55 2017	6	32	144::6	2253.59		0	0	0	0	1	0	0	0	0	0	1	1	1	50	999	280	105	
21622	Fri Nov 24 17:27:13 2017	6	33	363::10	2253.59		0	1	0	0	0	0	0	1	0	0	0	1	1	90	8	280	106	
21622	Fri Nov 24 17:27:30 2017	6	34	219::10	2253.59		1	0	0	0	0	0	1	0	0	0	1	1	0	80	6	280	107	
21622	Fri Nov 24 17:27:49 2017	6	35	412::10	2253.59		0	1	0	1	0	0	0	0	0	0	0	1	1	51	5	280	108	
21622	Fri Nov 24 17:28:07 2017	6	36	452::10	2253.59		0	0	0	0	0	1	0	0	0	0	1	1	1	80	7	280	109	
21622	Fri Nov 24 17:28:24 2017	6	37	466::10	2253.59		0	0	0	1	0	0	0	0	0	0	1	1	1	50	6	280	110	
21622	Fri Nov 24 17:28:42 2017	6	38	355::11	2253.59		0	0	0	0	0	0	1	0	0	0	1	1	1	80	8	280	111	
21622	Fri Nov 24 17:32:23 2017	8	1	198::10	2253.59		0	0	0	0	0	0	1	0	0	0	1	1	1	80	8	280	112	
21622	Fri Nov 24 17:32:42 2017	8	2	198::10	2253.59		0	1	0	0	0	0	1	0	0	0	0	1	1	999	1	280	113	
21622	Fri Nov 24 17:33:00 2017	8	3	591::11	2253.59		1	1	0	0	0	0	1	0	0	0	0	1	0	70	1	280	114	
21622	Fri Nov 24 17:33:20 2017	8	4	246::10	2253.59		1	0	0	0	0	0	1	0	0	0	1	1	0	80	7	280	115	
21622	Fri Nov 24 17:33:39 2017	8	5	265::10	2253.59		1	0	0	0	0	0	1	0	0	0	1	1	0	91	2	280	116	
21622	Fri Nov 24 17:33:57 2017	8	6	239::11	2253.59		0	0	0	0	0	0	1	0	0	0	1	1	1	100	6	280	117	
21622	Fri Nov 24 17:34:16 2017	8	7	410::11	2253.59		1	0	0	0	0	0	1	0	0	0	1	1	0	70	5	280	118	
21622	Fri Nov 24 17:34:34 2017	8	8	215::10	2253.59		0	0	0	0	0	0	1	0	0	0	1	1	1	70	6	280	119	
21622	Fri Nov 24 17:34:52 2017	8	9	191::10	2253.59		1	1	0	0	0	0	1	0	0	0	0	1	0	80	6	280	120	
21622	Fri Nov 24 17:35:12 2017	8	10	420::12	2253.59		0	1	0	0	0	0	1	0	0	0	0	1	1	91	9	280	121	
21622	Fri Nov 24 17:35:32 2017	9	1	121::11	2253.59		0	1	0	0	0	1	0	0	0	0	0	1	1	999	1	280	122	
21622	Fri Nov 24 17:35:51 2017	9	2	0::1	2253.59		0	0	1	0	0	0	0	0	0	0	0	1	1	999		280	123	
21622	Fri Nov 24 17:35:59 2017	9	3	294::10	2253.59		0	0	0	0	0	0	0	1	0	0	1	1	1	90	9	280	124	
21622	Fri Nov 24 17:36:17 2017	9	4	217::11	2253.59		0	1	0	0	0	0	1	0	0	0	0	1	1	80	4	280	125	
21622	Fri Nov 24 17:36:36 2017	9	5	241::10	2253.59		0	0	0	0	0	0	0	0	0	1	1	1	1	110	8	280	126	
21622	Fri Nov 24 17:36:55 2017	9	6	198::10	2253.59		0	1	0	0	0	0	1	0	0	0	0	1	1	70	1	280	127	
21622	Fri Nov 24 17:37:13 2017	9	7	255::11	2253.59		0	0	0	0	0	0	0	0	0	1	1	1	1	91	7	280	128	
21622	Fri Nov 24 17:37:31 2017	9	8	438::10	2253.59		0	1	0	0	0	0	0	0	1	0	0	1	1	100	5	280	129	
21622	Fri Nov 24 17:37:49 2017	9	9	472::10	2253.59		0	0	0	0	1	0	0	0	0	0	1	1	1	80	9	280	130	
21622	Fri Nov 24 17:38:06 2017	9	10	294::10	2253.59		0	1	0	1	0	0	0	0	0	0	0	1	1	60	1	280	131	
21622	Fri Nov 24 17:38:25 2017	9	11	227::11	2253.59		0	0	0	0	0	0	0	0	1	0	1	1	1	120	4	280	132	
21622	Fri Nov 24 17:38:44 2017	9	12	223::10	2253.59		0	1	0	1	0	0	0	0	0	0	0	1	1	999	10	280	133	
21622	Fri Nov 24 17:39:03 2017	9	13	393::10	2253.59		0	0	0	1	0	0	0	0	0	0	1	1	1	60	1	280	134	
21622	Fri Nov 24 17:39:22 2017	9	14	171::12	2253.59		1	1	0	0	0	0	1	0	0	0	0	1	0	67	9	280	135	
21622	Fri Nov 24 17:39:42 2017	9	15	266::10	2253.59		0	0	0	0	1	0	0	0	0	0	1	1	1	60	6	280	136	
21622	Fri Nov 24 17:40:01 2017	9	16	250::10	2253.59		0	1	0	0	0	0	0	0	0	1	0	1	1	100	7	280	137	
21622	Fri Nov 24 17:40:19 2017	9	17	85::10	2253.59		0	0	0	1	0	0	0	0	0	0	1	1	1	999	8	280	138	
21622	Fri Nov 24 17:40:36 2017	9	18	470::10	2253.59		0	1	0	0	0	1	0	0	0	0	0	1	1	120	10	280	139	
21622	Fri Nov 24 17:40:56 2017	9	19	283::10	2253.59		1	0	0	0	0	0	1	0	0	0	1	1	0	90	1	280	140	
21622	Fri Nov 24 17:41:14 2017	9	20	139::10	2253.59		0	1	0	0	1	0	0	0	0	0	0	1	1	999	10	280	141	
21622	Fri Nov 24 17:41:31 2017	9	21	284::10	2253.59		1	0	0	0	0	0	1	0	0	0	1	1	0	100	6	280	142	
21622	Fri Nov 24 17:41:51 2017	9	22	210::10	2253.59		0	1	0	0	0	0	0	1	0	0	0	1	1	90	6	280	143	
21622	Fri Nov 24 17:42:09 2017	9	23	447::11	2253.59		0	0	0	0	0	0	1	0	0	0	1	1	1	80	9	280	144	
21622	Fri Nov 24 17:42:28 2017	9	24	270::10	2253.59		1	1	0	0	0	0	1	0	0	0	0	1	0	80	7	280	145	
21622	Fri Nov 24 17:42:46 2017	9	25	300::10	2253.59		0	0	0	0	0	0	0	1	0	0	1	1	1	110	6	280	146	
21622	Fri Nov 24 17:43:04 2017	9	26	407::11	2253.59		0	1	0	0	0	0	0	0	1	0	0	1	1	90	7	280	147	
21622	Fri Nov 24 17:43:22 2017	9	27	566::10	2253.59		0	0	0	0	0	0	1	0	0	0	1	1	1	70	6	280	148	
21622	Fri Nov 24 17:43:39 2017	9	28	295::10	2253.59		0	1	0	0	0	0	0	1	0	0	0	1	1	90	6	280	149	
21622	Fri Nov 24 17:43:57 2017	9	29	316::11	2253.59		0	0	0	0	0	0	0	0	1	0	1	1	1	100	5	280	150	
21622	Fri Nov 24 17:44:16 2017	9	30	268::12	2253.59		0	1	0	0	0	0	0	0	0	1	0	1	1	100	2	280	151	
21622	Fri Nov 24 17:44:33 2017	9	31	600::10	2253.59		0	0	0	0	0	0	1	0	0	0	1	1	1	70	6	280	152	
21622	Fri Nov 24 17:44:52 2017	9	32	0::1	2253.59		0	0	1	0	0	0	0	0	0	0	0	1	1	999		280	153	
21622	Fri Nov 24 17:45:00 2017	9	33	262::11	2253.59		0	0	0	0	0	1	0	0	0	0	1	1	1	70	7	280	154	
21622	Fri Nov 24 17:45:19 2017	9	34	207::10	2253.59		0	1	0	0	1	0	0	0	0	0	0	1	1	79	5	280	155	
21622	Fri Nov 24 17:45:38 2017	9	35	204::10	2253.59		0	0	0	0	0	1	0	0	0	0	1	1	1	60	6	280	156	
21622	Fri Nov 24 17:45:58 2017	9	36	291::10	2253.59		1	0	0	0	0	0	1	0	0	0	1	1	0	70	9	280	157	
21622	Fri Nov 24 17:46:18 2017	9	37	308::10	2253.59		0	0	0	0	0	0	1	0	0	0	1	1	1	60	1	280	158	
21622	Fri Nov 24 17:46:36 2017	9	38	269::10	2253.59		1	0	0	0	0	0	1	0	0	0	1	1	0	70	1	280	159	
21622	Fri Nov 24 17:49:57 2017	10	1	409::10	2253.59		1	0	0	0	0	0	1	0	0	0	1	1	0	60	6	280	160	
21622	Fri Nov 24 17:50:16 2017	10	2	605::11	2253.59		0	1	0	0	0	0	1	0	0	0	0	1	1	60	3	280	161	
21622	Fri Nov 24 17:50:33 2017	10	3	250::10	2253.59		0	1	0	0	0	0	1	0	0	0	0	1	1	80	7	280	162	
21622	Fri Nov 24 17:50:51 2017	10	4	506::6	2253.59		1	1	0	0	0	0	1	0	0	0	0	1	0	90	999	280	163	
21622	Fri Nov 24 17:51:09 2017	10	5	439::10	2253.59		0	0	0	0	0	0	1	0	0	0	1	1	1	70	4	280	164	
21622	Fri Nov 24 17:51:28 2017	10	6	271::10	2253.59		0	0	0	0	0	0	1	0	0	0	1	1	1	90	5	280	165	
21622	Fri Nov 24 17:51:47 2017	10	7	340::10	2253.59		0	0	0	0	0	0	1	0	0	0	1	1	1	80	1	280	166	
21622	Fri Nov 24 17:52:05 2017	10	8	255::10	2253.59		1	1	0	0	0	0	1	0	0	0	0	1	0	60	6	280	167	
21622	Fri Nov 24 17:52:23 2017	10	9	261::10	2253.59		1	0	0	0	0	0	1	0	0	0	1	1	0	90	6	280	168	
21622	Fri Nov 24 17:52:41 2017	10	10	523::11	2253.59		1	0	0	0	0	0	1	0	0	0	1	1	0	70	8	280	169	
21622	Fri Nov 24 17:53:00 2017	11	1	366::11	2253.59		0	1	0	0	0	0	0	1	0	0	0	1	1	89	9	280	170	
21622	Fri Nov 24 17:53:18 2017	11	2	159::10	2253.59		0	0	0	0	0	0	1	0	0	0	1	1	1	999	7	280	171	
21622	Fri Nov 24 17:53:36 2017	11	3	527::10	2253.59		0	1	0	1	0	0	0	0	0	0	0	1	1	50	10	280	172	
21622	Fri Nov 24 17:53:54 2017	11	4	297::10	2253.59		0	0	0	0	0	0	1	0	0	0	1	1	1	90	8	280	173	
21622	Fri Nov 24 17:54:14 2017	11	5	228::10	2253.59		0	1	0	0	0	0	0	0	0	1	0	1	1	120	6	280	174	
21622	Fri Nov 24 17:54:34 2017	11	6	358::10	2253.59		1	0	0	0	0	0	1	0	0	0	1	1	0	80	6	280	175	
21622	Fri Nov 24 17:54:53 2017	11	7	298::10	2253.59		0	1	0	0	0	0	1	0	0	0	0	1	1	70	9	280	176	
21622	Fri Nov 24 17:55:10 2017	11	8	0::1	2253.59		0	0	1	0	0	0	0	0	0	0	0	1	1	999		280	177	
21622	Fri Nov 24 17:55:18 2017	11	9	360::10	2253.59		0	0	0	0	0	0	0	0	1	0	1	1	1	90	6	280	178	
21622	Fri Nov 24 17:55:36 2017	11	10	617::11	2253.59		0	1	0	1	0	0	0	0	0	0	0	1	1	50	1	280	179	
21622	Fri Nov 24 17:55:54 2017	11	11	269::10	2253.59		1	0	0	0	0	0	1	0	0	0	1	1	0	70	6	280	180	
21622	Fri Nov 24 17:56:14 2017	11	12	175::10	2253.59		0	1	0	0	0	0	0	1	0	0	0	1	1	999	1	280	181	
21622	Fri Nov 24 17:56:33 2017	11	13	492::11	2253.59		0	0	0	0	0	0	0	0	0	1	1	1	1	110	8	280	182	
21622	Fri Nov 24 17:56:53 2017	11	14	516::10	2253.59		0	1	0	0	1	0	0	0	0	0	0	1	1	50	1	280	183	
21622	Fri Nov 24 17:57:10 2017	11	15	313::10	2253.59		0	0	0	0	1	0	0	0	0	0	1	1	1	60	1	280	184	
21622	Fri Nov 24 17:57:30 2017	11	16	508::10	2253.59		0	1	0	0	0	0	1	0	0	0	0	1	1	70	10	280	185	
21622	Fri Nov 24 17:57:48 2017	11	17	689::10	2253.59		0	0	0	0	0	0	1	0	0	0	1	1	1	60	1	280	186	
21622	Fri Nov 24 17:58:08 2017	11	18	261::10	2253.59		0	1	0	0	0	1	0	0	0	0	0	1	1	60	1	280	187	
21622	Fri Nov 24 17:58:25 2017	11	19	604::10	2253.59		0	0	0	0	0	1	0	0	0	0	1	1	1	59	1	280	188	
21622	Fri Nov 24 17:58:43 2017	11	20	480::10	2253.59		0	1	0	0	0	0	0	0	0	1	0	1	1	100	1	280	189	
21622	Fri Nov 24 17:59:02 2017	11	21	246::10	2253.59		1	0	0	0	0	0	1	0	0	0	1	1	0	60	1	280	190	
21622	Fri Nov 24 17:59:19 2017	11	22	233::10	2253.59		0	1	0	0	0	0	0	0	1	0	0	1	1	78	9	280	191	
21622	Fri Nov 24 17:59:37 2017	11	23	566::11	2253.59		1	0	0	0	0	0	1	0	0	0	1	1	0	60	3	280	192	
21622	Fri Nov 24 17:59:57 2017	11	24	470::10	2253.59		0	1	0	0	0	0	0	0	1	0	0	1	1	99	8	280	193	
21622	Fri Nov 24 18:00:15 2017	11	25	445::10	2253.59		0	0	0	0	0	0	0	1	0	0	1	1	1	90	7	280	194	
21622	Fri Nov 24 18:00:34 2017	11	26	394::12	2253.59		1	1	0	0	0	0	1	0	0	0	0	1	0	60	4	280	195	
21622	Fri Nov 24 18:00:53 2017	11	27	278::10	2253.59		0	0	0	0	0	0	1	0	0	0	1	1	1	60	3	280	196	
21622	Fri Nov 24 18:01:11 2017	11	28	455::10	2253.59		0	1	0	0	1	0	0	0	0	0	0	1	1	50	2	280	197	
21622	Fri Nov 24 18:01:31 2017	11	29	211::11	2253.59		0	0	0	1	0	0	0	0	0	0	1	1	1	40	4	280	198	
21622	Fri Nov 24 18:01:49 2017	11	30	286::10	2253.59		0	1	0	0	0	1	0	0	0	0	0	1	1	70	9	280	199	
21622	Fri Nov 24 18:02:07 2017	11	31	467::10	2253.59		0	0	0	0	1	0	0	0	0	0	1	1	1	60	10	280	200	
21622	Fri Nov 24 18:02:24 2017	11	32	2::2	2253.59		0	0	1	0	0	0	0	0	0	0	0	1	1	999		280	201	
21622	Fri Nov 24 18:02:33 2017	11	33	564::11	2253.59		0	0	0	0	0	0	0	0	1	0	1	1	1	90	7	280	202	
21622	Fri Nov 24 18:02:50 2017	11	34	239::10	2253.59		1	1	0	0	0	0	1	0	0	0	0	1	0	70	5	280	203	
21622	Fri Nov 24 18:03:09 2017	11	35	251::10	2253.59		0	0	0	0	0	0	0	0	0	1	1	1	1	119	5	280	204	
21622	Fri Nov 24 18:03:27 2017	11	36	426::11	2253.59		0	0	0	0	0	1	0	0	0	0	1	1	1	80	5	280	205	
21622	Fri Nov 24 18:03:46 2017	11	37	459::6	2253.59		0	0	0	0	0	0	0	1	0	0	1	1	1	90	999	280	206	
21622	Fri Nov 24 18:04:05 2017	11	38	258::11	2253.59		0	0	0	1	0	0	0	0	0	0	1	1	1	50	1	280	207	
