version	timestamp	block number	trial number	lost msec	free VRAM	trial contents	US	Startle_Circle	Startle_ITI	C4	C5	C6	C7	C8	C9	C10	No_Startle	Generalization_Block	No_US	Size	US_expect	US_Intensity	Total_trial_nr	
21622	Wed Nov 22 18:03:23 2017	2	1	185::43	2253.59		0	1	0	0	0	0	1	0	0	0	0	0	1	999	3	170	1	
21622	Wed Nov 22 18:03:43 2017	2	2	0::1	2253.59		0	0	1	0	0	0	0	0	0	0	0	0	1	999		170	2	
21622	Wed Nov 22 18:03:50 2017	2	3	962::10	2253.59		0	1	0	0	0	0	1	0	0	0	0	0	1	48	3	170	3	
21622	Wed Nov 22 18:04:07 2017	2	4	0::1	2253.59		0	0	1	0	0	0	0	0	0	0	0	0	1	999		170	4	
21622	Wed Nov 22 18:04:16 2017	2	5	0::1	2253.59		0	0	1	0	0	0	0	0	0	0	0	0	1	999		170	5	
21622	Wed Nov 22 18:04:26 2017	2	6	380::10	2253.59		0	1	0	0	0	0	1	0	0	0	0	0	1	39	5	170	6	
21622	Wed Nov 22 18:04:44 2017	2	7	0::1	2253.59		0	0	1	0	0	0	0	0	0	0	0	0	1	999		170	7	
21622	Wed Nov 22 18:04:53 2017	2	8	242::10	2253.59		0	1	0	0	0	0	1	0	0	0	0	0	1	70	4	170	8	
21622	Wed Nov 22 18:05:12 2017	2	9	271::11	2253.59		0	1	0	0	0	0	1	0	0	0	0	0	1	80	6	170	9	
21622	Wed Nov 22 18:05:32 2017	2	10	252::10	2253.59		0	1	0	0	0	0	1	0	0	0	0	0	1	60	9	170	10	
21622	Wed Nov 22 18:06:28 2017	3	1	224::10	2253.59		0	0	0	0	0	0	1	0	0	0	1	0	1	50	2	170	11	
21622	Wed Nov 22 18:06:46 2017	3	2	283::10	2253.59		0	1	0	0	0	0	1	0	0	0	0	0	1	60	3	170	12	
21622	Wed Nov 22 18:07:05 2017	3	3	250::10	2253.59		1	0	0	0	0	0	1	0	0	0	1	0	0	61	4	170	13	
21622	Wed Nov 22 18:07:23 2017	3	4	242::11	2253.59		1	1	0	0	0	0	1	0	0	0	0	0	0	80	2	170	14	
21622	Wed Nov 22 18:07:41 2017	3	5	228::10	2253.59		0	0	0	0	0	0	1	0	0	0	1	0	1	51	2	170	15	
21622	Wed Nov 22 18:07:58 2017	3	6	268::10	2253.59		0	1	0	0	0	0	1	0	0	0	0	0	1	70	2	170	16	
21622	Wed Nov 22 18:08:18 2017	3	7	244::10	2253.59		1	0	0	0	0	0	1	0	0	0	1	0	0	99	3	170	17	
21622	Wed Nov 22 18:08:35 2017	3	8	246::10	2253.59		0	1	0	0	0	0	1	0	0	0	0	0	1	119	2	170	18	
21622	Wed Nov 22 18:08:55 2017	3	9	237::10	2253.59		0	0	0	0	0	0	1	0	0	0	1	0	1	70	3	170	19	
21622	Wed Nov 22 18:09:13 2017	3	10	227::10	2253.59		1	1	0	0	0	0	1	0	0	0	0	0	0	70	3	170	20	
21622	Wed Nov 22 18:09:33 2017	3	11	237::10	2253.59		0	0	0	0	0	0	1	0	0	0	1	0	1	80	9	170	21	
21622	Wed Nov 22 18:09:53 2017	3	12	253::12	2253.59		1	1	0	0	0	0	1	0	0	0	0	0	0	81	3	170	22	
21622	Wed Nov 22 18:10:11 2017	3	13	243::10	2253.59		1	0	0	0	0	0	1	0	0	0	1	0	0	81	2	170	23	
21622	Wed Nov 22 18:10:31 2017	3	14	0::1	2253.59		0	0	1	0	0	0	0	0	0	0	0	0	1	999		170	24	
21622	Wed Nov 22 18:10:38 2017	3	15	236::10	2253.59		1	0	0	0	0	0	1	0	0	0	1	0	0	80	2	170	25	
21622	Wed Nov 22 18:10:55 2017	4	1	255::10	2253.59		0	1	0	0	0	0	0	0	0	1	0	1	1	90	3	170	26	
21622	Wed Nov 22 18:11:13 2017	4	2	243::11	2253.59		0	0	0	0	1	0	0	0	0	0	1	1	1	61	3	170	27	
21622	Wed Nov 22 18:11:33 2017	4	3	254::10	2253.59		0	1	0	0	0	1	0	0	0	0	0	1	1	120	6	170	28	
21622	Wed Nov 22 18:11:52 2017	4	4	225::10	2253.59		0	0	0	0	1	0	0	0	0	0	1	1	1	90	9	170	29	
21622	Wed Nov 22 18:12:09 2017	4	5	295::10	2253.59		0	1	0	0	0	0	0	0	1	0	0	1	1	129	7	170	30	
21622	Wed Nov 22 18:12:29 2017	4	6	0::1	2253.59		0	0	1	0	0	0	0	0	0	0	0	1	1	999		170	31	
21622	Wed Nov 22 18:12:38 2017	4	7	257::10	2253.59		0	0	0	0	0	0	1	0	0	0	1	1	1	99	3	170	32	
21622	Wed Nov 22 18:12:55 2017	4	8	238::10	2253.59		0	1	0	0	0	0	0	1	0	0	0	1	1	90	8	170	33	
21622	Wed Nov 22 18:13:15 2017	4	9	210::10	2253.59		0	0	0	1	0	0	0	0	0	0	1	1	1	50	2	170	34	
21622	Wed Nov 22 18:13:33 2017	4	10	211::10	2253.59		0	1	0	0	0	0	1	0	0	0	0	1	1	100	3	170	35	
21622	Wed Nov 22 18:13:51 2017	4	11	223::10	2253.59		0	0	0	0	0	0	1	0	0	0	1	1	1	91	8	170	36	
21622	Wed Nov 22 18:14:11 2017	4	12	222::12	2253.59		0	1	0	1	0	0	0	0	0	0	0	1	1	30	9	170	37	
21622	Wed Nov 22 18:14:30 2017	4	13	212::11	2253.59		1	0	0	0	0	0	1	0	0	0	1	1	0	79	2	170	38	
21622	Wed Nov 22 18:14:50 2017	4	14	238::10	2253.59		0	1	0	0	0	0	0	1	0	0	0	1	1	120	9	170	39	
21622	Wed Nov 22 18:15:10 2017	4	15	2::2	2253.59		0	0	1	0	0	0	0	0	0	0	0	1	1	999		170	40	
21622	Wed Nov 22 18:15:19 2017	4	16	231::10	2253.59		1	1	0	0	0	0	1	0	0	0	0	1	0	70	2	170	41	
21622	Wed Nov 22 18:15:37 2017	4	17	238::10	2253.59		0	0	0	0	0	0	0	0	1	0	1	1	1	90	3	170	42	
21622	Wed Nov 22 18:15:54 2017	4	18	231::12	2253.59		0	1	0	0	1	0	0	0	0	0	0	1	1	30	8	170	43	
21622	Wed Nov 22 18:16:12 2017	4	19	220::10	2253.59		1	0	0	0	0	0	1	0	0	0	1	1	0	60	8	170	44	
21622	Wed Nov 22 18:16:32 2017	4	20	230::10	2253.59		0	1	0	1	0	0	0	0	0	0	0	1	1	29	2	170	45	
21622	Wed Nov 22 18:16:52 2017	4	21	248::10	2253.59		0	0	0	0	0	0	0	1	0	0	1	1	1	71	4	170	46	
21622	Wed Nov 22 18:17:11 2017	4	22	246::12	2253.59		0	1	0	0	0	0	1	0	0	0	0	1	1	50	2	170	47	
21622	Wed Nov 22 18:17:30 2017	4	23	252::10	2253.59		0	0	0	0	0	0	1	0	0	0	1	1	1	49	2	170	48	
21622	Wed Nov 22 18:17:48 2017	4	24	229::10	2253.59		0	1	0	0	0	0	0	0	1	0	0	1	1	81	3	170	49	
21622	Wed Nov 22 18:18:06 2017	4	25	238::10	2253.59		0	0	0	1	0	0	0	0	0	0	1	1	1	31	2	170	50	
21622	Wed Nov 22 18:18:25 2017	4	26	279::12	2253.59		0	1	0	0	0	1	0	0	0	0	0	1	1	59	7	170	51	
21622	Wed Nov 22 18:18:42 2017	4	27	243::10	2253.59		1	0	0	0	0	0	1	0	0	0	1	1	0	70	2	170	52	
21622	Wed Nov 22 18:19:00 2017	4	28	301::10	2253.59		0	1	0	0	0	0	0	0	0	1	0	1	1	120	3	170	53	
21622	Wed Nov 22 18:19:19 2017	4	29	221::10	2253.59		0	0	0	0	0	0	0	0	0	1	1	1	1	111	7	170	54	
21622	Wed Nov 22 18:19:37 2017	4	30	238::11	2253.59		1	1	0	0	0	0	1	0	0	0	0	1	0	60	8	170	55	
21622	Wed Nov 22 18:19:57 2017	4	31	206::10	2253.59		0	0	0	0	0	0	0	0	1	0	1	1	1	80	2	170	56	
21622	Wed Nov 22 18:20:14 2017	4	32	207::10	2253.59		0	1	0	0	1	0	0	0	0	0	0	1	1	40	3	170	57	
21622	Wed Nov 22 18:20:33 2017	4	33	190::10	2253.59		0	0	0	0	0	0	1	0	0	0	1	1	1	91	2	170	58	
21622	Wed Nov 22 18:20:53 2017	4	34	216::11	2253.59		0	0	0	0	0	1	0	0	0	0	1	1	1	70	2	170	59	
21622	Wed Nov 22 18:21:13 2017	4	35	275::10	2253.59		0	0	0	0	0	0	0	1	0	0	1	1	1	119	2	170	60	
21622	Wed Nov 22 18:21:31 2017	4	36	239::10	2253.59		0	0	0	0	0	0	0	0	0	1	1	1	1	130	7	170	61	
21622	Wed Nov 22 18:21:49 2017	4	37	247::11	2253.59		0	0	0	0	0	1	0	0	0	0	1	1	1	40	3	170	62	
21622	Wed Nov 22 18:22:07 2017	4	38	238::10	2253.59		1	0	0	0	0	0	1	0	0	0	1	1	0	50	2	170	63	
21622	Wed Nov 22 18:26:13 2017	5	1	225::11	2253.59		0	0	0	0	0	0	1	0	0	0	1	1	1	50	2	170	64	
21622	Wed Nov 22 18:26:31 2017	5	2	226::10	2253.59		0	1	0	0	0	0	1	0	0	0	0	1	1	60	2	170	65	
21622	Wed Nov 22 18:26:49 2017	5	3	228::10	2253.59		0	0	0	0	0	0	1	0	0	0	1	1	1	60	2	170	66	
21622	Wed Nov 22 18:27:06 2017	5	4	254::10	2253.59		0	0	0	0	0	0	1	0	0	0	1	1	1	70	2	170	67	
21622	Wed Nov 22 18:27:24 2017	5	5	242::11	2253.59		1	0	0	0	0	0	1	0	0	0	1	1	0	70	6	170	68	
21622	Wed Nov 22 18:27:43 2017	5	6	243::10	2253.59		1	0	0	0	0	0	1	0	0	0	1	1	0	70	2	170	69	
21622	Wed Nov 22 18:28:00 2017	5	7	233::10	2253.59		1	0	0	0	0	0	1	0	0	0	1	1	0	50	2	170	70	
21622	Wed Nov 22 18:28:20 2017	5	8	247::10	2253.59		1	1	0	0	0	0	1	0	0	0	0	1	0	80	2	170	71	
21622	Wed Nov 22 18:28:40 2017	5	9	206::11	2253.59		0	1	0	0	0	0	1	0	0	0	0	1	1	60	1	170	72	
21622	Wed Nov 22 18:28:58 2017	5	10	231::10	2253.59		1	1	0	0	0	0	1	0	0	0	0	1	0	60	2	170	73	
21622	Wed Nov 22 18:29:17 2017	6	1	239::10	2253.59		0	0	0	0	0	0	1	0	0	0	1	1	1	70	1	170	74	
21622	Wed Nov 22 18:29:34 2017	6	2	221::11	2253.59		0	1	0	0	0	1	0	0	0	0	0	1	1	49	3	170	75	
21622	Wed Nov 22 18:29:52 2017	6	3	220::10	2253.59		0	0	0	0	0	0	0	0	0	1	1	1	1	91	2	170	76	
21622	Wed Nov 22 18:30:09 2017	6	4	216::10	2253.59		0	1	0	1	0	0	0	0	0	0	0	1	1	30	8	170	77	
21622	Wed Nov 22 18:30:28 2017	6	5	231::10	2253.59		0	0	0	0	0	1	0	0	0	0	1	1	1	60	2	170	78	
21622	Wed Nov 22 18:30:47 2017	6	6	206::10	2253.59		0	1	0	0	0	0	1	0	0	0	0	1	1	61	4	170	79	
21622	Wed Nov 22 18:31:05 2017	6	7	236::10	2253.59		1	0	0	0	0	0	1	0	0	0	1	1	0	71	9	170	80	
21622	Wed Nov 22 18:31:22 2017	6	8	226::10	2253.59		0	1	0	0	0	0	0	0	0	1	0	1	1	100	2	170	81	
21622	Wed Nov 22 18:31:40 2017	6	9	195::11	2253.59		0	0	0	0	0	0	1	0	0	0	1	1	1	59	2	170	82	
21622	Wed Nov 22 18:31:58 2017	6	10	212::12	2253.59		0	1	0	0	0	0	0	0	0	1	0	1	1	89	2	170	83	
21622	Wed Nov 22 18:32:18 2017	6	11	216::10	2253.59		1	0	0	0	0	0	1	0	0	0	1	1	0	49	2	170	84	
21622	Wed Nov 22 18:32:37 2017	6	12	238::10	2253.59		0	1	0	0	0	0	1	0	0	0	0	1	1	70	2	170	85	
21622	Wed Nov 22 18:32:55 2017	6	13	345::11	2253.59		0	0	0	0	1	0	0	0	0	0	1	1	1	41	9	170	86	
21622	Wed Nov 22 18:33:14 2017	6	14	247::10	2253.59		0	1	0	0	1	0	0	0	0	0	0	1	1	30	2	170	87	
21622	Wed Nov 22 18:33:34 2017	6	15	206::10	2253.59		0	0	0	0	0	0	0	0	1	0	1	1	1	70	2	170	88	
21622	Wed Nov 22 18:33:53 2017	6	16	239::10	2253.59		0	1	0	0	0	0	0	1	0	0	0	1	1	50	9	170	89	
21622	Wed Nov 22 18:34:11 2017	6	17	0::1	2253.59		0	0	1	0	0	0	0	0	0	0	0	1	1	999		170	90	
21622	Wed Nov 22 18:34:19 2017	6	18	227::10	2253.59		0	0	0	0	0	1	0	0	0	0	1	1	1	50	2	170	91	
21622	Wed Nov 22 18:34:38 2017	6	19	213::10	2253.59		0	1	0	0	0	0	0	0	1	0	0	1	1	70	2	170	92	
21622	Wed Nov 22 18:34:57 2017	6	20	258::10	2253.59		1	0	0	0	0	0	1	0	0	0	1	1	0	40	9	170	93	
21622	Wed Nov 22 18:35:17 2017	6	21	226::10	2253.59		0	1	0	0	0	0	0	1	0	0	0	1	1	60	2	170	94	
21622	Wed Nov 22 18:35:36 2017	6	22	232::10	2253.59		0	0	0	0	0	0	1	0	0	0	1	1	1	50	2	170	95	
21622	Wed Nov 22 18:35:53 2017	6	23	226::10	2253.59		1	1	0	0	0	0	1	0	0	0	0	1	0	70	2	170	96	
21622	Wed Nov 22 18:36:11 2017	6	24	220::10	2253.59		0	0	0	0	0	0	0	0	1	0	1	1	1	80	2	170	97	
21622	Wed Nov 22 18:36:29 2017	6	25	208::10	2253.59		0	1	0	0	0	0	0	0	1	0	0	1	1	71	9	170	98	
21622	Wed Nov 22 18:36:47 2017	6	26	222::10	2253.59		0	0	0	0	0	0	0	1	0	0	1	1	1	60	2	170	99	
21622	Wed Nov 22 18:37:05 2017	6	27	232::11	2253.59		0	1	0	0	1	0	0	0	0	0	0	1	1	30	1	170	100	
21622	Wed Nov 22 18:37:24 2017	6	28	238::10	2253.59		0	0	0	0	1	0	0	0	0	0	1	1	1	49	3	170	101	
21622	Wed Nov 22 18:37:43 2017	6	29	223::10	2253.59		1	1	0	0	0	0	1	0	0	0	0	1	0	60	7	170	102	
21622	Wed Nov 22 18:38:01 2017	6	30	221::11	2253.59		0	0	0	0	0	0	0	0	0	1	1	1	1	80	9	170	103	
21622	Wed Nov 22 18:38:20 2017	6	31	207::10	2253.59		0	1	0	0	0	1	0	0	0	0	0	1	1	30	2	170	104	
21622	Wed Nov 22 18:38:39 2017	6	32	224::10	2253.59		0	0	0	0	0	0	1	0	0	0	1	1	1	50	2	170	105	
21622	Wed Nov 22 18:38:56 2017	6	33	0::1	2253.59		0	0	1	0	0	0	0	0	0	0	0	1	1	999		170	106	
21622	Wed Nov 22 18:39:04 2017	6	34	214::10	2253.59		0	0	0	1	0	0	0	0	0	0	1	1	1	30	1	170	107	
21622	Wed Nov 22 18:39:21 2017	6	35	221::10	2253.59		0	1	0	1	0	0	0	0	0	0	0	1	1	50	1	170	108	
21622	Wed Nov 22 18:39:39 2017	6	36	367::10	2253.59		0	0	0	0	0	0	0	1	0	0	1	1	1	70	8	170	109	
21622	Wed Nov 22 18:39:58 2017	6	37	222::11	2253.59		1	0	0	0	0	0	1	0	0	0	1	1	0	70	2	170	110	
21622	Wed Nov 22 18:40:18 2017	6	38	233::10	2253.59		0	0	0	1	0	0	0	0	0	0	1	1	1	50	1	170	111	
21622	Wed Nov 22 18:43:52 2017	8	1	225::10	2253.59		0	1	0	0	0	0	1	0	0	0	0	1	1	60	2	170	112	
21622	Wed Nov 22 18:44:09 2017	8	2	232::10	2253.59		1	0	0	0	0	0	1	0	0	0	1	1	0	60	2	170	113	
21622	Wed Nov 22 18:44:29 2017	8	3	227::10	2253.59		0	0	0	0	0	0	1	0	0	0	1	1	1	50	3	170	114	
21622	Wed Nov 22 18:44:46 2017	8	4	200::10	2253.59		1	1	0	0	0	0	1	0	0	0	0	1	0	50	1	170	115	
21622	Wed Nov 22 18:45:05 2017	8	5	194::11	2253.59		0	0	0	0	0	0	1	0	0	0	1	1	1	60	2	170	116	
21622	Wed Nov 22 18:45:24 2017	8	6	117::10	2253.59		1	0	0	0	0	0	1	0	0	0	1	1	0	999	8	170	117	
21622	Wed Nov 22 18:45:41 2017	8	7	238::10	2253.59		0	0	0	0	0	0	1	0	0	0	1	1	1	70	2	170	118	
21622	Wed Nov 22 18:45:59 2017	8	8	252::10	2253.59		1	0	0	0	0	0	1	0	0	0	1	1	0	70	2	170	119	
21622	Wed Nov 22 18:46:19 2017	8	9	253::12	2253.59		0	1	0	0	0	0	1	0	0	0	0	1	1	69	8	170	120	
21622	Wed Nov 22 18:46:37 2017	8	10	213::10	2253.59		1	1	0	0	0	0	1	0	0	0	0	1	0	59	9	170	121	
21622	Wed Nov 22 18:46:56 2017	9	1	235::10	2253.59		0	0	0	0	0	0	0	1	0	0	1	1	1	90	2	170	122	
21622	Wed Nov 22 18:47:13 2017	9	2	195::12	2253.59		1	1	0	0	0	0	1	0	0	0	0	1	0	60	2	170	123	
21622	Wed Nov 22 18:47:31 2017	9	3	195::10	2253.59		0	0	0	0	0	1	0	0	0	0	1	1	1	60	2	170	124	
21622	Wed Nov 22 18:47:50 2017	9	4	231::10	2253.59		0	1	0	0	0	0	0	0	0	1	0	1	1	60	2	170	125	
21622	Wed Nov 22 18:48:10 2017	9	5	237::10	2253.59		0	0	0	0	0	0	0	1	0	0	1	1	1	70	9	170	126	
21622	Wed Nov 22 18:48:30 2017	9	6	254::11	2253.59		0	1	0	0	0	0	0	0	1	0	0	1	1	60	3	170	127	
21622	Wed Nov 22 18:48:50 2017	9	7	174::10	2253.59		0	0	0	0	0	0	0	0	0	1	1	1	1	90	2	170	128	
21622	Wed Nov 22 18:49:09 2017	9	8	238::10	2253.59		0	1	0	0	0	1	0	0	0	0	0	1	1	60	2	170	129	
21622	Wed Nov 22 18:49:28 2017	9	9	247::11	2253.59		0	0	0	0	0	0	0	0	0	1	1	1	1	80	9	170	130	
21622	Wed Nov 22 18:49:46 2017	9	10	212::11	2253.59		0	1	0	0	0	0	0	1	0	0	0	1	1	79	2	170	131	
21622	Wed Nov 22 18:50:03 2017	9	11	227::10	2253.59		1	0	0	0	0	0	1	0	0	0	1	1	0	60	2	170	132	
21622	Wed Nov 22 18:50:23 2017	9	12	231::12	2253.59		0	1	0	0	1	0	0	0	0	0	0	1	1	51	9	170	133	
21622	Wed Nov 22 18:50:41 2017	9	13	206::10	2253.59		0	0	0	0	0	0	0	0	1	0	1	1	1	90	2	170	134	
21622	Wed Nov 22 18:51:00 2017	9	14	0::1	2253.59		0	0	1	0	0	0	0	0	0	0	0	1	1	999		170	135	
21622	Wed Nov 22 18:51:08 2017	9	15	216::11	2253.59		0	1	0	0	0	0	0	0	1	0	0	1	1	60	2	170	136	
21622	Wed Nov 22 18:51:28 2017	9	16	226::11	2253.59		0	0	0	0	1	0	0	0	0	0	1	1	1	41	2	170	137	
21622	Wed Nov 22 18:51:48 2017	9	17	185::10	2253.59		0	1	0	0	0	0	1	0	0	0	0	1	1	49	2	170	138	
21622	Wed Nov 22 18:52:06 2017	9	18	222::10	2253.59		0	0	0	0	1	0	0	0	0	0	1	1	1	49	9	170	139	
21622	Wed Nov 22 18:52:24 2017	9	19	216::12	2253.59		0	1	0	1	0	0	0	0	0	0	0	1	1	50	9	170	140	
21622	Wed Nov 22 18:52:43 2017	9	20	206::11	2253.59		0	0	0	0	0	0	0	0	1	0	1	1	1	70	2	170	141	
21622	Wed Nov 22 18:53:00 2017	9	21	220::12	2253.59		0	1	0	0	0	0	0	0	0	1	0	1	1	30	9	170	142	
21622	Wed Nov 22 18:53:17 2017	9	22	233::10	2253.59		0	0	0	0	0	0	1	0	0	0	1	1	1	50	2	170	143	
21622	Wed Nov 22 18:53:36 2017	9	23	217::10	2253.59		0	1	0	0	0	0	0	1	0	0	0	1	1	70	2	170	144	
21622	Wed Nov 22 18:53:55 2017	9	24	216::10	2253.59		0	0	0	0	0	0	1	0	0	0	1	1	1	52	9	170	145	
21622	Wed Nov 22 18:54:12 2017	9	25	283::10	2253.59		0	1	0	0	0	0	1	0	0	0	0	1	1	78	2	170	146	
21622	Wed Nov 22 18:54:31 2017	9	26	211::10	2253.59		0	0	0	0	0	1	0	0	0	0	1	1	1	61	2	170	147	
21622	Wed Nov 22 18:54:50 2017	9	27	227::12	2253.59		0	1	0	0	0	1	0	0	0	0	0	1	1	59	2	170	148	
21622	Wed Nov 22 18:55:08 2017	9	28	0::1	2253.59		0	0	1	0	0	0	0	0	0	0	0	1	1	999		170	149	
21622	Wed Nov 22 18:55:16 2017	9	29	199::12	2253.59		0	1	0	1	0	0	0	0	0	0	0	1	1	30	8	170	150	
21622	Wed Nov 22 18:55:36 2017	9	30	216::11	2253.59		1	0	0	0	0	0	1	0	0	0	1	1	0	50	2	170	151	
21622	Wed Nov 22 18:55:54 2017	9	31	229::10	2253.59		0	1	0	0	1	0	0	0	0	0	0	1	1	40	3	170	152	
21622	Wed Nov 22 18:56:12 2017	9	32	220::10	2253.59		1	0	0	0	0	0	1	0	0	0	1	1	0	60	9	170	153	
21622	Wed Nov 22 18:56:31 2017	9	33	188::10	2253.59		0	0	0	0	0	0	1	0	0	0	1	1	1	50	2	170	154	
21622	Wed Nov 22 18:56:49 2017	9	34	217::11	2253.59		0	0	0	1	0	0	0	0	0	0	1	1	1	30	2	170	155	
21622	Wed Nov 22 18:57:06 2017	9	35	193::11	2253.59		1	1	0	0	0	0	1	0	0	0	0	1	0	40	2	170	156	
21622	Wed Nov 22 18:57:24 2017	9	36	212::10	2253.59		0	0	0	1	0	0	0	0	0	0	1	1	1	31	2	170	157	
21622	Wed Nov 22 18:57:44 2017	9	37	215::11	2253.59		0	0	0	0	0	0	1	0	0	0	1	1	1	70	10	170	158	
21622	Wed Nov 22 18:58:02 2017	9	38	221::10	2253.59		1	0	0	0	0	0	1	0	0	0	1	1	0	60	2	170	159	
21622	Wed Nov 22 19:01:23 2017	10	1	192::10	2253.59		0	1	0	0	0	0	1	0	0	0	0	1	1	40	2	170	160	
21622	Wed Nov 22 19:01:42 2017	10	2	220::10	2253.59		1	0	0	0	0	0	1	0	0	0	1	1	0	70	2	170	161	
21622	Wed Nov 22 19:02:00 2017	10	3	228::10	2253.59		0	1	0	0	0	0	1	0	0	0	0	1	1	60	2	170	162	
21622	Wed Nov 22 19:02:17 2017	10	4	202::10	2253.59		1	0	0	0	0	0	1	0	0	0	1	1	0	80	9	170	163	
21622	Wed Nov 22 19:02:37 2017	10	5	196::10	2253.59		0	0	0	0	0	0	1	0	0	0	1	1	1	61	2	170	164	
21622	Wed Nov 22 19:02:55 2017	10	6	206::12	2253.59		1	1	0	0	0	0	1	0	0	0	0	1	0	51	1	170	165	
21622	Wed Nov 22 19:03:12 2017	10	7	180::11	2253.59		0	0	0	0	0	0	1	0	0	0	1	1	1	60	2	170	166	
21622	Wed Nov 22 19:03:29 2017	10	8	335::10	2253.59		1	1	0	0	0	0	1	0	0	0	0	1	0	50	9	170	167	
21622	Wed Nov 22 19:03:49 2017	10	9	216::10	2253.59		0	0	0	0	0	0	1	0	0	0	1	1	1	59	2	170	168	
21622	Wed Nov 22 19:04:07 2017	10	10	200::11	2253.59		1	0	0	0	0	0	1	0	0	0	1	1	0	50	2	170	169	
21622	Wed Nov 22 19:04:24 2017	11	1	213::10	2253.59		1	1	0	0	0	0	1	0	0	0	0	1	0	60	2	170	170	
21622	Wed Nov 22 19:04:43 2017	11	2	213::10	2253.59		0	0	0	0	0	0	0	0	0	1	1	1	1	79	2	170	171	
21622	Wed Nov 22 19:05:01 2017	11	3	2::2	2253.59		0	0	1	0	0	0	0	0	0	0	0	1	1	999		170	172	
21622	Wed Nov 22 19:05:10 2017	11	4	236::10	2253.59		0	1	0	0	0	0	0	1	0	0	0	1	1	60	2	170	173	
21622	Wed Nov 22 19:05:27 2017	11	5	211::11	2253.59		0	0	0	0	0	1	0	0	0	0	1	1	1	50	9	170	174	
21622	Wed Nov 22 19:05:45 2017	11	6	190::10	2253.59		0	1	0	1	0	0	0	0	0	0	0	1	1	40	2	170	175	
21622	Wed Nov 22 19:06:04 2017	11	7	205::10	2253.59		0	0	0	1	0	0	0	0	0	0	1	1	1	30	9	170	176	
21622	Wed Nov 22 19:06:21 2017	11	8	216::10	2253.59		0	1	0	0	0	0	1	0	0	0	0	1	1	60	2	170	177	
21622	Wed Nov 22 19:06:39 2017	11	9	205::11	2253.59		1	0	0	0	0	0	1	0	0	0	1	1	0	60	2	170	178	
21622	Wed Nov 22 19:06:59 2017	11	10	222::10	2253.59		0	1	0	0	0	0	0	0	0	1	0	1	1	90	1	170	179	
21622	Wed Nov 22 19:07:17 2017	11	11	220::10	2253.59		0	0	0	0	0	0	0	0	1	0	1	1	1	59	2	170	180	
21622	Wed Nov 22 19:07:34 2017	11	12	212::12	2253.59		0	1	0	0	0	1	0	0	0	0	0	1	1	40	1	170	181	
21622	Wed Nov 22 19:07:53 2017	11	13	0::1	2253.59		0	0	1	0	0	0	0	0	0	0	0	1	1	999		170	182	
21622	Wed Nov 22 19:08:02 2017	11	14	228::10	2253.59		0	0	0	0	0	0	0	0	1	0	1	1	1	79	9	170	183	
21622	Wed Nov 22 19:08:21 2017	11	15	216::11	2253.59		0	1	0	0	1	0	0	0	0	0	0	1	1	40	2	170	184	
21622	Wed Nov 22 19:08:39 2017	11	16	215::10	2253.59		1	0	0	0	0	0	1	0	0	0	1	1	0	60	9	170	185	
21622	Wed Nov 22 19:08:58 2017	11	17	196::10	2253.59		0	1	0	1	0	0	0	0	0	0	0	1	1	30	2	170	186	
21622	Wed Nov 22 19:09:16 2017	11	18	179::10	2253.59		0	0	0	0	0	0	0	1	0	0	1	1	1	60	2	170	187	
21622	Wed Nov 22 19:09:35 2017	11	19	299::11	2253.59		0	1	0	0	0	0	0	0	1	0	0	1	1	81	2	170	188	
21622	Wed Nov 22 19:09:54 2017	11	20	221::10	2253.59		0	0	0	0	0	0	0	0	0	1	1	1	1	81	1	170	189	
21622	Wed Nov 22 19:10:11 2017	11	21	231::10	2253.59		0	1	0	0	0	0	0	0	0	1	0	1	1	71	2	170	190	
21622	Wed Nov 22 19:10:29 2017	11	22	194::11	2253.59		0	0	0	0	1	0	0	0	0	0	1	1	1	40	9	170	191	
21622	Wed Nov 22 19:10:48 2017	11	23	239::10	2253.59		0	1	0	0	0	0	1	0	0	0	0	1	1	59	2	170	192	
21622	Wed Nov 22 19:11:06 2017	11	24	173::10	2253.59		0	0	0	0	0	0	1	0	0	0	1	1	1	60	9	170	193	
21622	Wed Nov 22 19:11:25 2017	11	25	1326::10	2253.59		0	1	0	0	0	0	0	1	0	0	0	1	1	70	10	170	194	
21622	Wed Nov 22 19:11:44 2017	11	26	194::11	2253.59		0	0	0	0	1	0	0	0	0	0	1	1	1	40	2	170	195	
21622	Wed Nov 22 19:12:01 2017	11	27	225::10	2253.59		0	1	0	0	0	0	0	0	1	0	0	1	1	71	2	170	196	
21622	Wed Nov 22 19:12:21 2017	11	28	206::10	2253.59		0	0	0	0	0	0	1	0	0	0	1	1	1	70	9	170	197	
21622	Wed Nov 22 19:12:40 2017	11	29	224::10	2253.59		0	1	0	0	0	1	0	0	0	0	0	1	1	51	2	170	198	
21622	Wed Nov 22 19:12:58 2017	11	30	182::11	2253.59		0	0	0	0	0	0	1	0	0	0	1	1	1	30	9	170	199	
21622	Wed Nov 22 19:13:18 2017	11	31	212::11	2253.59		0	1	0	0	1	0	0	0	0	0	0	1	1	40	2	170	200	
21622	Wed Nov 22 19:13:37 2017	11	32	247::10	2253.59		1	0	0	0	0	0	1	0	0	0	1	1	0	50	2	170	201	
21622	Wed Nov 22 19:13:56 2017	11	33	180::10	2253.59		0	0	0	0	0	1	0	0	0	0	1	1	1	50	2	170	202	
21622	Wed Nov 22 19:14:15 2017	11	34	205::11	2253.59		1	1	0	0	0	0	1	0	0	0	0	1	0	50	2	170	203	
21622	Wed Nov 22 19:14:33 2017	11	35	185::11	2253.59		0	0	0	0	0	0	1	0	0	0	1	1	1	70	2	170	204	
21622	Wed Nov 22 19:14:51 2017	11	36	237::10	2253.59		0	0	0	0	0	0	0	1	0	0	1	1	1	71	2	170	205	
21622	Wed Nov 22 19:15:10 2017	11	37	217::10	2253.59		0	0	0	1	0	0	0	0	0	0	1	1	1	40	9	170	206	
21622	Wed Nov 22 19:15:30 2017	11	38	232::11	2253.59		1	0	0	0	0	0	1	0	0	0	1	1	0	60	2	170	207	
