version	timestamp	block number	trial number	lost msec	free VRAM	trial contents	US	Startle_Circle	Startle_ITI	C1	C2	C3	C5	C4	C6	C7	C8	C9	C10	No_Startle	Generalization_Block	No_US	Size	US_expect	Resp_Rev	US_Intensity	Total_trial_nr	group	
21622	Mon Nov 13 16:30:20 2017	2	1	242::53	2249.14		0	1	0	0	0	0	0	0	0	0	0	0	1	0	0	1	151	7		400	1	1	
21622	Mon Nov 13 16:30:38 2017	2	2	0::1	2249.14		0	0	1	0	0	0	0	0	0	0	0	0	0	0	0	1	999			400	2	1	
21622	Mon Nov 13 16:30:47 2017	2	3	296::11	2249.14		0	1	0	0	0	0	0	0	0	0	0	0	1	0	0	1	161	7		400	3	1	
21622	Mon Nov 13 16:31:07 2017	2	4	0::1	2249.14		0	0	1	0	0	0	0	0	0	0	0	0	0	0	0	1	999			400	4	1	
21622	Mon Nov 13 16:31:17 2017	2	5	0::1	2249.14		0	0	1	0	0	0	0	0	0	0	0	0	0	0	0	1	999			400	5	1	
21622	Mon Nov 13 16:31:26 2017	2	6	0::1	2249.14		0	0	1	0	0	0	0	0	0	0	0	0	0	0	0	1	999			400	6	1	
21622	Mon Nov 13 16:31:34 2017	2	7	362::11	2249.14		0	1	0	1	0	0	0	0	0	0	0	0	0	0	0	1	52	5		400	7	1	
21622	Mon Nov 13 16:31:53 2017	2	8	221::10	2249.14		0	1	0	1	0	0	0	0	0	0	0	0	0	0	0	1	50	3		400	8	1	
21622	Mon Nov 13 16:32:13 2017	2	9	349::10	2249.14		0	1	0	1	0	0	0	0	0	0	0	0	0	0	0	1	50	1		400	9	1	
21622	Mon Nov 13 16:32:31 2017	2	10	118::12	2249.14		0	1	0	0	0	0	0	0	0	0	0	0	1	0	0	1	999	5		400	10	1	
21622	Mon Nov 13 16:33:19 2017	3	1	223::10	2249.14		0	0	0	1	0	0	0	0	0	0	0	0	0	1	0	1	39	5		400	11	1	
21622	Mon Nov 13 16:33:38 2017	3	2	527::10	2249.14		1	1	0	1	0	0	0	0	0	0	0	0	0	0	0	0	33	1		400	12	1	
21622	Mon Nov 13 16:33:56 2017	3	3	254::11	2249.14		0	0	0	0	0	0	0	0	0	0	0	0	1	1	0	1	80	5		400	13	1	
21622	Mon Nov 13 16:34:16 2017	3	4	227::10	2249.14		0	1	0	0	0	0	0	0	0	0	0	0	1	0	0	1	119	4		400	14	1	
21622	Mon Nov 13 16:34:34 2017	3	5	349::10	2249.14		1	0	0	1	0	0	0	0	0	0	0	0	0	1	0	0	41	2		400	15	1	
21622	Mon Nov 13 16:34:52 2017	3	6	217::10	2249.14		1	1	0	1	0	0	0	0	0	0	0	0	0	0	0	0	51	5		400	16	1	
21622	Mon Nov 13 16:35:10 2017	3	7	236::10	2249.14		0	0	0	0	0	0	0	0	0	0	0	0	1	1	0	1	110	7		400	17	1	
21622	Mon Nov 13 16:35:29 2017	3	8	329::12	2249.14		1	1	0	1	0	0	0	0	0	0	0	0	0	0	0	0	41	5		400	18	1	
21622	Mon Nov 13 16:35:49 2017	3	9	403::10	2249.14		0	0	0	0	0	0	0	0	0	0	0	0	1	1	0	1	104	6		400	19	1	
21622	Mon Nov 13 16:36:07 2017	3	10	342::12	2249.14		1	1	0	1	0	0	0	0	0	0	0	0	0	0	0	0	41	6		400	20	1	
21622	Mon Nov 13 16:36:25 2017	3	11	222::11	2249.14		1	0	0	1	0	0	0	0	0	0	0	0	0	1	0	0	41	7		400	21	1	
21622	Mon Nov 13 16:36:43 2017	3	12	0::1	2249.14		0	0	1	0	0	0	0	0	0	0	0	0	0	0	0	1	999			400	22	1	
21622	Mon Nov 13 16:36:50 2017	3	13	237::10	2249.14		0	0	0	0	0	0	0	0	0	0	0	0	1	1	0	1	120	8		400	23	1	
21622	Mon Nov 13 16:37:08 2017	3	14	332::10	2249.14		0	1	0	0	0	0	0	0	0	0	0	0	1	0	0	1	99	8		400	24	1	
21622	Mon Nov 13 16:37:28 2017	3	15	253::11	2249.14		1	0	0	1	0	0	0	0	0	0	0	0	0	1	0	0	40	6		400	25	1	
21622	Mon Nov 13 16:37:47 2017	3	16	324::10	2249.14		0	1	0	0	0	0	0	0	0	0	0	0	1	0	0	1	120	9		400	26	1	
21622	Mon Nov 13 16:38:07 2017	3	17	395::10	2249.14		0	0	0	0	0	0	0	0	0	0	0	0	1	1	0	1	100	8		400	27	1	
21622	Mon Nov 13 16:38:26 2017	3	18	273::12	2249.14		0	1	0	1	0	0	0	0	0	0	0	0	0	0	0	1	41	7		400	28	1	
21622	Mon Nov 13 16:38:44 2017	3	19	280::10	2249.14		1	0	0	1	0	0	0	0	0	0	0	0	0	1	0	0	50	6		400	29	1	
21622	Mon Nov 13 16:39:01 2017	3	20	268::6	2249.14		0	1	0	0	0	0	0	0	0	0	0	0	1	0	0	1	119	999		400	30	1	
21622	Mon Nov 13 16:39:19 2017	3	21	297::11	2249.14		1	0	0	1	0	0	0	0	0	0	0	0	0	1	0	0	39	6		400	31	1	
21622	Mon Nov 13 16:39:39 2017	3	22	475::10	2249.14		0	1	0	0	0	0	0	0	0	0	0	0	1	0	0	1	113	7		400	32	1	
21622	Mon Nov 13 16:39:56 2017	3	23	381::10	2249.14		0	0	0	0	0	0	0	0	0	0	0	0	1	1	0	1	110	7		400	33	1	
21622	Mon Nov 13 16:40:16 2017	3	24	339::11	2249.14		1	0	0	1	0	0	0	0	0	0	0	0	0	1	0	0	49	5		400	34	1	
21622	Mon Nov 13 16:40:36 2017	3	25	446::10	2249.14		0	0	0	0	0	0	0	0	0	0	0	0	1	1	0	1	110	6		400	35	1	
21622	Mon Nov 13 16:40:55 2017	4	1	413::11	2249.14		0	1	0	0	0	1	0	0	0	0	0	0	0	0	1	1	60	5		400	36	1	
21622	Mon Nov 13 16:41:14 2017	4	2	399::10	2249.14		0	0	0	0	0	0	0	0	0	0	0	0	1	1	1	1	110	4		400	37	1	
21622	Mon Nov 13 16:41:31 2017	4	3	381::11	2249.14		0	1	0	0	0	0	0	0	0	0	0	0	1	0	1	1	110	2		400	38	1	
21622	Mon Nov 13 16:41:48 2017	4	4	318::10	2249.14		0	0	0	0	1	0	0	0	0	0	0	0	0	1	1	1	49	2		400	39	1	
21622	Mon Nov 13 16:42:08 2017	4	5	368::11	2249.14		0	1	0	0	0	0	1	0	0	0	0	0	0	0	1	1	60	1		400	40	1	
21622	Mon Nov 13 16:42:28 2017	4	6	290::11	2249.14		0	0	0	1	0	0	0	0	0	0	0	0	0	1	1	1	40	1		400	41	1	
21622	Mon Nov 13 16:42:47 2017	4	7	272::10	2249.14		0	1	0	0	0	0	0	0	0	1	0	0	0	0	1	1	99	1		400	42	1	
21622	Mon Nov 13 16:43:05 2017	4	8	354::10	2249.14		0	0	0	0	0	0	0	0	0	1	0	0	0	1	1	1	100	1		400	43	1	
21622	Mon Nov 13 16:43:22 2017	4	9	265::10	2249.14		0	1	0	0	0	0	0	0	0	0	0	0	1	0	1	1	120	1		400	44	1	
21622	Mon Nov 13 16:43:42 2017	4	10	269::10	2249.14		1	0	0	1	0	0	0	0	0	0	0	0	0	1	1	0	41	1		400	45	1	
21622	Mon Nov 13 16:43:59 2017	4	11	249::10	2249.14		1	1	0	1	0	0	0	0	0	0	0	0	0	0	1	0	41	5		400	46	1	
21622	Mon Nov 13 16:44:19 2017	4	12	414::10	2249.14		0	0	0	0	0	0	0	0	0	0	0	0	1	1	1	1	110	6		400	47	1	
21622	Mon Nov 13 16:44:39 2017	4	13	326::11	2249.14		0	1	0	0	0	0	0	1	0	0	0	0	0	0	1	1	59	6		400	48	1	
21622	Mon Nov 13 16:44:58 2017	4	14	324::11	2249.14		0	0	0	0	0	0	0	0	1	0	0	0	0	1	1	1	81	5		400	49	1	
21622	Mon Nov 13 16:45:16 2017	4	15	287::10	2249.14		0	1	0	0	1	0	0	0	0	0	0	0	0	0	1	1	49	5		400	50	1	
21622	Mon Nov 13 16:45:35 2017	4	16	385::10	2249.14		0	0	0	0	0	0	0	0	0	0	1	0	0	1	1	1	100	4		400	51	1	
21622	Mon Nov 13 16:45:52 2017	4	17	262::10	2249.14		0	1	0	0	0	0	0	0	0	0	0	1	0	0	1	1	120	2		400	52	1	
21622	Mon Nov 13 16:46:12 2017	4	18	390::10	2249.14		0	0	0	0	0	0	0	0	0	0	0	0	1	1	1	1	119	2		400	53	1	
21622	Mon Nov 13 16:46:31 2017	4	19	419::11	2249.14		0	1	0	0	0	0	0	1	0	0	0	0	0	0	1	1	60	1		400	54	1	
21622	Mon Nov 13 16:46:50 2017	4	20	325::10	2249.14		0	0	0	0	0	0	0	1	0	0	0	0	0	1	1	1	60	2		400	55	1	
21622	Mon Nov 13 16:47:09 2017	4	21	261::13	2249.14		0	1	0	0	0	0	0	0	0	0	1	0	0	0	1	1	100	3		400	56	1	
21622	Mon Nov 13 16:47:26 2017	4	22	249::11	2249.14		0	0	0	0	0	0	0	0	0	0	0	1	0	1	1	1	100	2		400	57	1	
21622	Mon Nov 13 16:47:44 2017	4	23	734::10	2249.14		0	1	0	0	0	0	0	0	0	0	1	0	0	0	1	1	99	1		400	58	1	
21622	Mon Nov 13 16:48:03 2017	4	24	439::11	2249.14		0	0	0	0	0	0	1	0	0	0	0	0	0	1	1	1	62	2		400	59	1	
21622	Mon Nov 13 16:48:22 2017	4	25	2::2	2249.14		0	0	1	0	0	0	0	0	0	0	0	0	0	0	1	1	999			400	60	1	
21622	Mon Nov 13 16:48:31 2017	4	26	432::11	2249.14		0	1	0	0	0	1	0	0	0	0	0	0	0	0	1	1	61	1		400	61	1	
21622	Mon Nov 13 16:48:48 2017	4	27	507::10	2249.14		0	0	0	0	0	1	0	0	0	0	0	0	0	1	1	1	62	3		400	62	1	
21622	Mon Nov 13 16:49:07 2017	4	28	267::12	2249.14		0	1	0	0	0	0	0	0	0	0	0	0	1	0	1	1	128	2		400	63	1	
21622	Mon Nov 13 16:49:25 2017	4	29	270::10	2249.14		0	0	0	0	0	0	0	0	0	0	0	0	1	1	1	1	119	2		400	64	1	
21622	Mon Nov 13 16:49:43 2017	4	30	651::10	2249.14		1	1	0	1	0	0	0	0	0	0	0	0	0	0	1	0	47	1		400	65	1	
21622	Mon Nov 13 16:50:00 2017	4	31	276::11	2249.14		0	0	0	0	0	0	0	0	0	0	1	0	0	1	1	1	101	4		400	66	1	
21622	Mon Nov 13 16:50:19 2017	4	32	278::11	2249.14		1	1	0	1	0	0	0	0	0	0	0	0	0	0	1	0	50	2		400	67	1	
21622	Mon Nov 13 16:50:38 2017	4	33	253::10	2249.14		0	0	0	0	0	0	0	0	0	0	0	1	0	1	1	1	109	6		400	68	1	
21622	Mon Nov 13 16:50:55 2017	4	34	283::12	2249.14		0	1	0	0	0	0	1	0	0	0	0	0	0	0	1	1	61	5		400	69	1	
21622	Mon Nov 13 16:51:14 2017	4	35	0::1	2249.14		0	0	1	0	0	0	0	0	0	0	0	0	0	0	1	1	999			400	70	1	
21622	Mon Nov 13 16:51:23 2017	4	36	505::10	2249.14		0	0	0	0	0	0	1	0	0	0	0	0	0	1	1	1	69	3		400	71	1	
21622	Mon Nov 13 16:51:42 2017	4	37	278::10	2249.14		0	1	0	0	0	0	0	0	0	0	0	0	1	0	1	1	121	3		400	72	1	
21622	Mon Nov 13 16:51:59 2017	4	38	279::11	2249.14		0	0	0	0	1	0	0	0	0	0	0	0	0	1	1	1	50	2		400	73	1	
21622	Mon Nov 13 16:52:17 2017	4	39	296::10	2249.14		0	1	0	0	1	0	0	0	0	0	0	0	0	0	1	1	54	2		400	74	1	
21622	Mon Nov 13 16:52:36 2017	4	40	510::10	2249.14		0	0	0	0	0	0	0	0	1	0	0	0	0	1	1	1	80	2		400	75	1	
21622	Mon Nov 13 16:52:55 2017	4	41	260::11	2249.14		0	1	0	0	0	0	0	0	0	1	0	0	0	0	1	1	79	1		400	76	1	
21622	Mon Nov 13 16:53:14 2017	4	42	471::10	2249.14		0	0	0	0	0	0	0	0	0	1	0	0	0	1	1	1	100	1		400	77	1	
21622	Mon Nov 13 16:53:31 2017	4	43	450::11	2249.14		0	1	0	1	0	0	0	0	0	0	0	0	0	0	1	1	48	2		400	78	1	
21622	Mon Nov 13 16:53:50 2017	4	44	458::10	2249.14		1	0	0	1	0	0	0	0	0	0	0	0	0	1	1	0	48	2		400	79	1	
21622	Mon Nov 13 16:54:08 2017	4	45	452::10	2249.14		0	1	0	0	0	0	0	0	1	0	0	0	0	0	1	1	101	5		400	80	1	
21622	Mon Nov 13 16:54:26 2017	4	46	402::11	2249.14		1	0	0	1	0	0	0	0	0	0	0	0	0	1	1	0	39	3		400	81	1	
21622	Mon Nov 13 16:54:43 2017	4	47	382::11	2249.14		0	1	0	0	0	0	0	0	0	0	0	1	0	0	1	1	100	3		400	82	1	
21622	Mon Nov 13 16:55:00 2017	4	48	501::10	2249.14		0	0	0	0	0	1	0	0	0	0	0	0	0	1	1	1	61	5		400	83	1	
21622	Mon Nov 13 16:55:18 2017	4	49	427::10	2249.14		0	1	0	0	0	0	0	0	1	0	0	0	0	0	1	1	100	3		400	84	1	
21622	Mon Nov 13 16:55:37 2017	4	50	592::10	2249.14		0	0	0	0	0	0	0	1	0	0	0	0	0	1	1	1	61	2		400	85	1	
21622	Mon Nov 13 16:58:06 2017	5	1	292::10	2249.14		1	1	0	1	0	0	0	0	0	0	0	0	0	0	1	0	50	3		400	86	1	
21622	Mon Nov 13 16:58:26 2017	5	2	323::11	2249.14		1	0	0	1	0	0	0	0	0	0	0	0	0	1	1	0	50	6		400	87	1	
21622	Mon Nov 13 16:58:43 2017	5	3	254::10	2249.14		0	0	0	1	0	0	0	0	0	0	0	0	0	1	1	1	50	8		400	88	1	
21622	Mon Nov 13 16:59:03 2017	5	4	416::11	2249.14		1	1	0	1	0	0	0	0	0	0	0	0	0	0	1	0	49	5		400	89	1	
21622	Mon Nov 13 16:59:21 2017	5	5	324::11	2249.14		1	0	0	1	0	0	0	0	0	0	0	0	0	1	1	0	50	6		400	90	1	
21622	Mon Nov 13 16:59:38 2017	5	6	237::10	2249.14		1	0	0	1	0	0	0	0	0	0	0	0	0	1	1	0	50	9		400	91	1	
21622	Mon Nov 13 16:59:56 2017	6	1	118::10	2249.14		0	0	0	0	0	0	0	1	0	0	0	0	0	1	1	1	999	5		400	92	1	
21622	Mon Nov 13 17:00:15 2017	6	2	0::1	2249.14		0	0	1	0	0	0	0	0	0	0	0	0	0	0	1	1	999			400	93	1	
21622	Mon Nov 13 17:00:24 2017	6	3	410::10	2249.14		0	1	0	0	0	0	1	0	0	0	0	0	0	0	1	1	81	5		400	94	1	
21622	Mon Nov 13 17:00:43 2017	6	4	291::10	2249.14		0	0	0	0	1	0	0	0	0	0	0	0	0	1	1	1	50	8		400	95	1	
21622	Mon Nov 13 17:01:01 2017	6	5	260::12	2249.14		0	1	0	0	1	0	0	0	0	0	0	0	0	0	1	1	49	6		400	96	1	
21622	Mon Nov 13 17:01:19 2017	6	6	500::10	2249.14		0	0	0	0	0	0	0	0	0	0	0	0	1	1	1	1	109	5		400	97	1	
21622	Mon Nov 13 17:01:38 2017	6	7	402::12	2249.14		0	1	0	0	0	0	0	0	0	0	0	1	0	0	1	1	100	2		400	98	1	
21622	Mon Nov 13 17:01:57 2017	6	8	367::10	2249.14		0	0	0	0	0	0	0	0	0	1	0	0	0	1	1	1	91	2		400	99	1	
21622	Mon Nov 13 17:02:17 2017	6	9	891::10	2249.14		1	1	0	1	0	0	0	0	0	0	0	0	0	0	1	0	50	7		400	100	1	
21622	Mon Nov 13 17:02:35 2017	6	10	394::11	2249.14		1	0	0	1	0	0	0	0	0	0	0	0	0	1	1	0	50	9		400	101	1	
21622	Mon Nov 13 17:02:54 2017	6	11	461::10	2249.14		0	1	0	0	0	0	0	0	0	0	1	0	0	0	1	1	99	4		400	102	1	
21622	Mon Nov 13 17:03:12 2017	6	12	520::10	2249.14		0	0	0	0	0	0	0	0	1	0	0	0	0	1	1	1	80	3		400	103	1	
21622	Mon Nov 13 17:03:31 2017	6	13	910::11	2249.14		0	1	0	0	0	0	0	0	0	0	1	0	0	0	1	1	100	4		400	104	1	
21622	Mon Nov 13 17:03:51 2017	6	14	329::10	2249.14		0	0	0	1	0	0	0	0	0	0	0	0	0	1	1	1	50	8		400	105	1	
21622	Mon Nov 13 17:04:10 2017	6	15	466::10	2249.14		0	1	0	0	0	0	0	0	1	0	0	0	0	0	1	1	89	2		400	106	1	
21622	Mon Nov 13 17:04:27 2017	6	16	558::10	2249.14		0	0	0	0	0	0	0	0	1	0	0	0	0	1	1	1	80	2		400	107	1	
21622	Mon Nov 13 17:04:45 2017	6	17	741::10	2249.14		0	1	0	0	0	1	0	0	0	0	0	0	0	0	1	1	53	2		400	108	1	
21622	Mon Nov 13 17:05:03 2017	6	18	533::10	2249.14		0	0	0	0	0	0	1	0	0	0	0	0	0	1	1	1	73	3		400	109	1	
21622	Mon Nov 13 17:05:22 2017	6	19	310::10	2249.14		0	1	0	0	0	0	0	1	0	0	0	0	0	0	1	1	61	1		400	110	1	
21622	Mon Nov 13 17:05:41 2017	6	20	641::10	2249.14		0	0	0	0	0	0	0	0	0	1	0	0	0	1	1	1	90	3		400	111	1	
21622	Mon Nov 13 17:05:59 2017	6	21	775::11	2249.14		0	1	0	0	0	0	0	0	0	0	0	0	1	0	1	1	100	2		400	112	1	
21622	Mon Nov 13 17:06:16 2017	6	22	338::10	2249.14		1	0	0	1	0	0	0	0	0	0	0	0	0	1	1	0	19	3		400	113	1	
21622	Mon Nov 13 17:06:34 2017	6	23	517::10	2249.14		0	1	0	0	0	0	0	1	0	0	0	0	0	0	1	1	40	2		400	114	1	
21622	Mon Nov 13 17:06:51 2017	6	24	622::10	2249.14		0	0	0	0	0	0	0	0	0	0	1	0	0	1	1	1	51	3		400	115	1	
21622	Mon Nov 13 17:07:09 2017	6	25	161::11	2249.14		0	1	0	0	1	0	0	0	0	0	0	0	0	0	1	1	30	3		400	116	1	
21622	Mon Nov 13 17:07:29 2017	6	26	275::10	2249.14		0	0	0	0	0	0	0	1	0	0	0	0	0	1	1	1	50	5		400	117	1	
21622	Mon Nov 13 17:07:49 2017	6	27	349::11	2249.14		0	1	0	0	0	1	0	0	0	0	0	0	0	0	1	1	50	2		400	118	1	
21622	Mon Nov 13 17:08:07 2017	6	28	362::10	2249.14		0	0	0	0	0	0	0	0	0	0	1	0	0	1	1	1	69	3		400	119	1	
21622	Mon Nov 13 17:08:26 2017	6	29	0::1	2249.14		0	0	1	0	0	0	0	0	0	0	0	0	0	0	1	1	999			400	120	1	
21622	Mon Nov 13 17:08:36 2017	6	30	445::10	2249.14		1	0	0	1	0	0	0	0	0	0	0	0	0	1	1	0	39	2		400	121	1	
21622	Mon Nov 13 17:08:53 2017	6	31	425::10	2249.14		0	1	0	0	0	0	0	0	0	1	0	0	0	0	1	1	71	2		400	122	1	
21622	Mon Nov 13 17:09:12 2017	6	32	643::10	2249.14		0	0	0	0	0	0	0	0	0	0	0	1	0	1	1	1	80	1		400	123	1	
21622	Mon Nov 13 17:09:29 2017	6	33	304::10	2249.14		0	1	0	0	0	0	0	0	0	1	0	0	0	0	1	1	80	1		400	124	1	
21622	Mon Nov 13 17:09:47 2017	6	34	585::10	2249.14		0	0	0	0	0	1	0	0	0	0	0	0	0	1	1	1	50	2		400	125	1	
21622	Mon Nov 13 17:10:06 2017	6	35	396::10	2249.14		0	1	0	0	0	0	0	0	0	0	0	1	0	0	1	1	100	2		400	126	1	
21622	Mon Nov 13 17:10:26 2017	6	36	358::10	2249.14		0	0	0	0	0	0	0	0	0	0	0	1	0	1	1	1	99	1		400	127	1	
21622	Mon Nov 13 17:10:43 2017	6	37	543::10	2249.14		0	1	0	0	0	0	0	0	0	0	0	0	1	0	1	1	101	1		400	128	1	
21622	Mon Nov 13 17:11:01 2017	6	38	469::10	2249.14		0	0	0	0	0	0	0	0	0	0	0	0	1	1	1	1	100	1		400	129	1	
21622	Mon Nov 13 17:11:18 2017	6	39	463::10	2249.14		0	1	0	0	0	0	0	0	1	0	0	0	0	0	1	1	60	2		400	130	1	
21622	Mon Nov 13 17:11:37 2017	6	40	557::10	2249.14		0	0	0	0	0	1	0	0	0	0	0	0	0	1	1	1	61	1		400	131	1	
21622	Mon Nov 13 17:11:56 2017	6	41	612::10	2249.14		0	1	0	1	0	0	0	0	0	0	0	0	0	0	1	1	40	2		400	132	1	
21622	Mon Nov 13 17:12:13 2017	6	42	720::11	2249.14		0	0	0	0	0	0	1	0	0	0	0	0	0	1	1	1	69	1		400	133	1	
21622	Mon Nov 13 17:12:30 2017	6	43	315::10	2249.14		0	1	0	0	0	0	1	0	0	0	0	0	0	0	1	1	81	1		400	134	1	
21622	Mon Nov 13 17:12:49 2017	6	44	305::10	2249.14		0	0	0	0	0	0	0	0	0	0	0	0	1	1	1	1	99	2		400	135	1	
21622	Mon Nov 13 17:13:09 2017	6	45	545::10	2249.14		0	1	0	0	0	0	0	0	0	0	0	0	1	0	1	1	100	1		400	136	1	
21622	Mon Nov 13 17:13:27 2017	6	46	646::10	2249.14		0	0	0	0	1	0	0	0	0	0	0	0	0	1	1	1	49	1		400	137	1	
21622	Mon Nov 13 17:13:45 2017	6	47	734::10	2249.14		1	1	0	1	0	0	0	0	0	0	0	0	0	0	1	0	39	1		400	138	1	
21622	Mon Nov 13 17:14:04 2017	6	48	255::10	2249.14		0	0	0	0	0	0	0	0	0	0	0	0	1	1	1	1	101	3		400	139	1	
21622	Mon Nov 13 17:14:21 2017	6	49	443::11	2249.14		0	1	0	0	0	0	0	0	0	0	0	0	1	0	1	1	100	1		400	140	1	
21622	Mon Nov 13 17:14:40 2017	6	50	597::10	2249.14		1	1	0	1	0	0	0	0	0	0	0	0	0	0	1	0	51	1		400	141	1	
21622	Mon Nov 13 17:17:15 2017	8	1	492::11	2249.14		0	0	0	1	0	0	0	0	0	0	0	0	0	1	1	1	39	2		400	142	1	
21622	Mon Nov 13 17:17:35 2017	8	2	397::10	2249.14		1	0	0	1	0	0	0	0	0	0	0	0	0	1	1	0	40	1		400	143	1	
21622	Mon Nov 13 17:17:53 2017	8	3	233::10	2249.14		1	1	0	1	0	0	0	0	0	0	0	0	0	0	1	0	40	6		400	144	1	
21622	Mon Nov 13 17:18:11 2017	8	4	396::11	2249.14		1	0	0	1	0	0	0	0	0	0	0	0	0	1	1	0	41	8		400	145	1	
21622	Mon Nov 13 17:18:28 2017	8	5	293::10	2249.14		1	0	0	1	0	0	0	0	0	0	0	0	0	1	1	0	40	9		400	146	1	
21622	Mon Nov 13 17:18:46 2017	8	6	276::10	2249.14		1	1	0	1	0	0	0	0	0	0	0	0	0	0	1	0	40	10		400	147	1	
21622	Mon Nov 13 17:19:06 2017	9	1	269::10	2249.14		0	0	0	0	1	0	0	0	0	0	0	0	0	1	1	1	50	5		400	148	1	
21622	Mon Nov 13 17:19:26 2017	9	2	292::11	2249.14		0	1	0	0	0	0	0	0	0	0	0	0	1	0	1	1	100	3		400	149	1	
21622	Mon Nov 13 17:19:43 2017	9	3	442::10	2249.14		0	0	0	0	0	0	0	1	0	0	0	0	0	1	1	1	60	2		400	150	1	
21622	Mon Nov 13 17:20:01 2017	9	4	373::10	2249.14		0	1	0	0	0	1	0	0	0	0	0	0	0	0	1	1	50	1		400	151	1	
21622	Mon Nov 13 17:20:19 2017	9	5	379::11	2249.14		0	0	0	0	0	0	0	1	0	0	0	0	0	1	1	1	60	2		400	152	1	
21622	Mon Nov 13 17:20:38 2017	9	6	643::10	2249.14		0	1	0	0	0	0	0	1	0	0	0	0	0	0	1	1	50	1		400	153	1	
21622	Mon Nov 13 17:20:57 2017	9	7	733::10	2249.14		1	0	0	1	0	0	0	0	0	0	0	0	0	1	1	0	40	8		400	154	1	
21622	Mon Nov 13 17:21:16 2017	9	8	680::10	2249.14		0	1	0	0	0	0	0	0	0	0	1	0	0	0	1	1	87	1		400	155	1	
21622	Mon Nov 13 17:21:36 2017	9	9	0::1	2249.14		0	0	1	0	0	0	0	0	0	0	0	0	0	0	1	1	999			400	156	1	
21622	Mon Nov 13 17:21:44 2017	9	10	817::10	2249.14		0	1	0	0	0	0	1	0	0	0	0	0	0	0	1	1	70	1		400	157	1	
21622	Mon Nov 13 17:22:04 2017	9	11	613::10	2249.14		0	0	0	0	0	0	0	0	0	0	0	0	1	1	1	1	100	1		400	158	1	
21622	Mon Nov 13 17:22:23 2017	9	12	405::11	2249.14		0	1	0	0	0	0	0	0	0	1	0	0	0	0	1	1	60	1		400	159	1	
21622	Mon Nov 13 17:22:42 2017	9	13	778::10	2249.14		0	0	0	0	0	1	0	0	0	0	0	0	0	1	1	1	50	1		400	160	1	
21622	Mon Nov 13 17:23:02 2017	9	14	266::10	2249.14		0	1	0	0	0	0	0	0	0	0	1	0	0	0	1	1	80	1		400	161	1	
21622	Mon Nov 13 17:23:21 2017	9	15	452::10	2249.14		0	0	0	0	0	1	0	0	0	0	0	0	0	1	1	1	55	1		400	162	1	
21622	Mon Nov 13 17:23:39 2017	9	16	353::10	2249.14		0	1	0	0	1	0	0	0	0	0	0	0	0	0	1	1	49	1		400	163	1	
21622	Mon Nov 13 17:23:59 2017	9	17	281::11	2249.14		0	0	0	0	1	0	0	0	0	0	0	0	0	1	1	1	51	1		400	164	1	
21622	Mon Nov 13 17:24:18 2017	9	18	767::10	2249.14		0	1	0	0	0	0	0	0	0	0	0	0	1	0	1	1	100	1		400	165	1	
21622	Mon Nov 13 17:24:38 2017	9	19	416::10	2249.14		1	0	0	1	0	0	0	0	0	0	0	0	0	1	1	0	40	9		400	166	1	
21622	Mon Nov 13 17:24:56 2017	9	20	437::11	2249.14		1	1	0	1	0	0	0	0	0	0	0	0	0	0	1	0	41	9		400	167	1	
21622	Mon Nov 13 17:25:13 2017	9	21	443::10	2249.14		0	0	0	0	0	0	0	0	0	0	1	0	0	1	1	1	91	1		400	168	1	
21622	Mon Nov 13 17:25:32 2017	9	22	375::10	2249.14		0	1	0	0	0	0	0	0	1	0	0	0	0	0	1	1	60	1		400	169	1	
21622	Mon Nov 13 17:25:51 2017	9	23	259::10	2249.14		1	0	0	1	0	0	0	0	0	0	0	0	0	1	1	0	39	9		400	170	1	
21622	Mon Nov 13 17:26:09 2017	9	24	883::12	2249.14		0	1	0	0	0	0	0	0	0	1	0	0	0	0	1	1	60	1		400	171	1	
21622	Mon Nov 13 17:26:26 2017	9	25	529::11	2249.14		0	0	0	0	0	0	0	0	1	0	0	0	0	1	1	1	62	1		400	172	1	
21622	Mon Nov 13 17:26:44 2017	9	26	845::10	2249.14		0	1	0	0	0	0	0	0	0	0	0	1	0	0	1	1	90	1		400	173	1	
21622	Mon Nov 13 17:27:02 2017	9	27	380::11	2249.14		0	0	0	0	0	0	0	0	0	0	0	1	0	1	1	1	79	1		400	174	1	
21622	Mon Nov 13 17:27:20 2017	9	28	462::10	2249.14		0	1	0	0	0	0	0	1	0	0	0	0	0	0	1	1	54	1		400	175	1	
21622	Mon Nov 13 17:27:40 2017	9	29	270::10	2249.14		0	0	0	0	0	0	0	0	1	0	0	0	0	1	1	1	61	1		400	176	1	
21622	Mon Nov 13 17:27:57 2017	9	30	286::11	2249.14		0	1	0	0	0	1	0	0	0	0	0	0	0	0	1	1	51	1		400	177	1	
21622	Mon Nov 13 17:28:15 2017	9	31	507::10	2249.14		0	0	0	0	0	0	0	0	0	0	0	1	0	1	1	1	91	1		400	178	1	
21622	Mon Nov 13 17:28:35 2017	9	32	240::13	2249.14		1	1	0	1	0	0	0	0	0	0	0	0	0	0	1	0	40	9		400	179	1	
21622	Mon Nov 13 17:28:52 2017	9	33	288::11	2249.14		0	0	0	1	0	0	0	0	0	0	0	0	0	1	1	1	51	6		400	180	1	
21622	Mon Nov 13 17:29:11 2017	9	34	392::10	2249.14		0	1	0	0	0	0	0	0	0	0	0	0	1	0	1	1	98	1		400	181	1	
21622	Mon Nov 13 17:29:29 2017	9	35	342::11	2249.14		0	0	0	0	0	0	0	0	0	0	0	0	1	1	1	1	90	1		400	182	1	
21622	Mon Nov 13 17:29:49 2017	9	36	0::1	2249.14		0	0	1	0	0	0	0	0	0	0	0	0	0	0	1	1	999			400	183	1	
21622	Mon Nov 13 17:29:57 2017	9	37	593::11	2249.14		0	0	0	0	0	0	0	0	0	0	0	0	1	1	1	1	84	1		400	184	1	
21622	Mon Nov 13 17:30:17 2017	9	38	645::10	2249.14		0	1	0	0	0	0	1	0	0	0	0	0	0	0	1	1	59	1		400	185	1	
21622	Mon Nov 13 17:30:34 2017	9	39	286::11	2249.14		0	0	0	0	0	0	1	0	0	0	0	0	0	1	1	1	60	1		400	186	1	
21622	Mon Nov 13 17:30:51 2017	9	40	340::10	2249.14		0	1	0	0	0	0	0	0	0	0	0	0	1	0	1	1	100	1		400	187	1	
21622	Mon Nov 13 17:31:10 2017	9	41	445::10	2249.14		0	0	0	0	0	0	0	0	0	1	0	0	0	1	1	1	80	1		400	188	1	
21622	Mon Nov 13 17:31:27 2017	9	42	482::10	2249.14		0	1	0	0	0	0	0	0	1	0	0	0	0	0	1	1	75	1		400	189	1	
21622	Mon Nov 13 17:31:45 2017	9	43	301::10	2249.14		0	0	0	0	0	0	0	0	0	0	0	0	1	1	1	1	100	1		400	190	1	
21622	Mon Nov 13 17:32:05 2017	9	44	275::10	2249.14		0	1	0	0	1	0	0	0	0	0	0	0	0	0	1	1	50	1		400	191	1	
21622	Mon Nov 13 17:32:24 2017	9	45	412::11	2249.14		0	0	0	0	0	0	1	0	0	0	0	0	0	1	1	1	61	1		400	192	1	
21622	Mon Nov 13 17:32:42 2017	9	46	289::10	2249.14		1	1	0	1	0	0	0	0	0	0	0	0	0	0	1	0	49	2		400	193	1	
21622	Mon Nov 13 17:33:01 2017	9	47	317::11	2249.14		0	0	0	0	0	0	0	0	0	0	1	0	0	1	1	1	79	1		400	194	1	
21622	Mon Nov 13 17:33:20 2017	9	48	355::12	2249.14		0	1	0	0	0	0	0	0	0	0	0	1	0	0	1	1	90	1		400	195	1	
21622	Mon Nov 13 17:33:40 2017	9	49	628::10	2249.14		0	0	0	0	0	0	0	0	0	1	0	0	0	1	1	1	80	1		400	196	1	
21622	Mon Nov 13 17:33:58 2017	9	50	476::10	2249.14		0	1	0	1	0	0	0	0	0	0	0	0	0	0	1	1	46	7		400	197	1	
