version	timestamp	block number	trial number	lost msec	free VRAM	trial contents	US	Startle_Circle	Startle_ITI	C1	C2	C3	C5	C4	C6	C7	C8	C9	C10	No_Startle	Generalization_Block	No_US	Size	US_expect	Resp_Rev	US_Intensity	Total_trial_nr	group	
21622	Thu Nov 30 09:20:53 2017	2	1	382::41	2249.14		0	1	0	1	0	0	0	0	0	0	0	0	0	0	0	1	60	2		240	1	1	
21622	Thu Nov 30 09:21:11 2017	2	2	0::1	2249.14		0	0	1	0	0	0	0	0	0	0	0	0	0	0	0	1	999			240	2	1	
21622	Thu Nov 30 09:21:19 2017	2	3	0::1	2249.14		0	0	1	0	0	0	0	0	0	0	0	0	0	0	0	1	999			240	3	1	
21622	Thu Nov 30 09:21:28 2017	2	4	412::10	2249.14		0	1	0	0	0	0	0	0	0	0	0	0	1	0	0	1	119	2		240	4	1	
21622	Thu Nov 30 09:21:48 2017	2	5	0::1	2249.14		0	0	1	0	0	0	0	0	0	0	0	0	0	0	0	1	999			240	5	1	
21622	Thu Nov 30 09:21:56 2017	2	6	325::10	2249.14		0	1	0	0	0	0	0	0	0	0	0	0	1	0	0	1	112	2		240	6	1	
21622	Thu Nov 30 09:22:13 2017	2	7	318::11	2249.14		0	1	0	1	0	0	0	0	0	0	0	0	0	0	0	1	41	2		240	7	1	
21622	Thu Nov 30 09:22:33 2017	2	8	307::10	2249.14		0	1	0	0	0	0	0	0	0	0	0	0	1	0	0	1	120	2		240	8	1	
21622	Thu Nov 30 09:22:53 2017	2	9	0::1	2249.14		0	0	1	0	0	0	0	0	0	0	0	0	0	0	0	1	999			240	9	1	
21622	Thu Nov 30 09:23:01 2017	2	10	272::10	2249.14		0	1	0	1	0	0	0	0	0	0	0	0	0	0	0	1	31	2		240	10	1	
21622	Thu Nov 30 09:23:32 2017	3	1	246::10	2249.14		1	0	0	1	0	0	0	0	0	0	0	0	0	1	0	0	40	2		240	11	1	
21622	Thu Nov 30 09:23:51 2017	3	2	386::10	2249.14		1	1	0	1	0	0	0	0	0	0	0	0	0	0	0	0	41	4		240	12	1	
21622	Thu Nov 30 09:24:09 2017	3	3	314::10	2249.14		0	0	0	0	0	0	0	0	0	0	0	0	1	1	0	1	140	2		240	13	1	
21622	Thu Nov 30 09:24:27 2017	3	4	345::10	2249.14		0	1	0	1	0	0	0	0	0	0	0	0	0	0	0	1	40	7		240	14	1	
21622	Thu Nov 30 09:24:45 2017	3	5	583::10	2249.14		1	0	0	1	0	0	0	0	0	0	0	0	0	1	0	0	40	5		240	15	1	
21622	Thu Nov 30 09:25:04 2017	3	6	398::10	2249.14		0	1	0	0	0	0	0	0	0	0	0	0	1	0	0	1	119	4		240	16	1	
21622	Thu Nov 30 09:25:23 2017	3	7	319::10	2249.14		1	0	0	1	0	0	0	0	0	0	0	0	0	1	0	0	34	6		240	17	1	
21622	Thu Nov 30 09:25:42 2017	3	8	277::10	2249.14		0	1	0	0	0	0	0	0	0	0	0	0	1	0	0	1	130	4		240	18	1	
21622	Thu Nov 30 09:25:59 2017	3	9	597::10	2249.14		0	0	0	0	0	0	0	0	0	0	0	0	1	1	0	1	129	3		240	19	1	
21622	Thu Nov 30 09:26:18 2017	3	10	0::1	2249.14		0	0	1	0	0	0	0	0	0	0	0	0	0	0	0	1	999			240	20	1	
21622	Thu Nov 30 09:26:28 2017	3	11	243::10	2249.14		1	0	0	1	0	0	0	0	0	0	0	0	0	1	0	0	30	8		240	21	1	
21622	Thu Nov 30 09:26:45 2017	3	12	443::10	2249.14		0	1	0	0	0	0	0	0	0	0	0	0	1	0	0	1	138	2		240	22	1	
21622	Thu Nov 30 09:27:04 2017	3	13	386::10	2249.14		0	0	0	0	0	0	0	0	0	0	0	0	1	1	0	1	129	1		240	23	1	
21622	Thu Nov 30 09:27:23 2017	3	14	229::10	2249.14		1	1	0	1	0	0	0	0	0	0	0	0	0	0	0	0	31	6		240	24	1	
21622	Thu Nov 30 09:27:42 2017	3	15	371::11	2249.14		0	0	0	0	0	0	0	0	0	0	0	0	1	1	0	1	140	1		240	25	1	
21622	Thu Nov 30 09:27:59 2017	3	16	315::10	2249.14		0	1	0	0	0	0	0	0	0	0	0	0	1	0	0	1	140	1		240	26	1	
21622	Thu Nov 30 09:28:19 2017	3	17	256::10	2249.14		1	0	0	1	0	0	0	0	0	0	0	0	0	1	0	0	29	8		240	27	1	
21622	Thu Nov 30 09:28:37 2017	3	18	386::11	2249.14		0	1	0	0	0	0	0	0	0	0	0	0	1	0	0	1	139	1		240	28	1	
21622	Thu Nov 30 09:28:55 2017	3	19	268::10	2249.14		0	0	0	0	0	0	0	0	0	0	0	0	1	1	0	1	139	1		240	29	1	
21622	Thu Nov 30 09:29:13 2017	3	20	292::10	2249.14		1	1	0	1	0	0	0	0	0	0	0	0	0	0	0	0	31	8		240	30	1	
21622	Thu Nov 30 09:29:33 2017	3	21	308::10	2249.14		0	0	0	0	0	0	0	0	0	0	0	0	1	1	0	1	151	1		240	31	1	
21622	Thu Nov 30 09:29:51 2017	3	22	452::10	2249.14		1	1	0	1	0	0	0	0	0	0	0	0	0	0	0	0	42	8		240	32	1	
21622	Thu Nov 30 09:30:11 2017	3	23	302::10	2249.14		0	0	0	1	0	0	0	0	0	0	0	0	0	1	0	1	40	9		240	33	1	
21622	Thu Nov 30 09:30:30 2017	3	24	268::10	2249.14		0	0	0	0	0	0	0	0	0	0	0	0	1	1	0	1	160	2		240	34	1	
21622	Thu Nov 30 09:30:49 2017	3	25	294::11	2249.14		1	0	0	1	0	0	0	0	0	0	0	0	0	1	0	0	50	8		240	35	1	
21622	Thu Nov 30 09:31:07 2017	4	1	512::12	2249.14		0	1	0	0	0	0	0	0	1	0	0	0	0	0	1	1	122	3		240	36	1	
21622	Thu Nov 30 09:31:26 2017	4	2	373::10	2249.14		0	0	0	0	0	0	0	0	0	0	0	0	1	1	1	1	149	3		240	37	1	
21622	Thu Nov 30 09:31:43 2017	4	3	363::12	2249.14		0	1	0	0	1	0	0	0	0	0	0	0	0	0	1	1	50	9		240	38	1	
21622	Thu Nov 30 09:32:01 2017	4	4	666::10	2249.14		0	0	0	0	0	0	0	0	0	0	0	1	0	1	1	1	151	2		240	39	1	
21622	Thu Nov 30 09:32:20 2017	4	5	304::10	2249.14		0	1	0	1	0	0	0	0	0	0	0	0	0	0	1	1	40	9		240	40	1	
21622	Thu Nov 30 09:32:38 2017	4	6	277::10	2249.14		1	0	0	1	0	0	0	0	0	0	0	0	0	1	1	0	39	8		240	41	1	
21622	Thu Nov 30 09:32:56 2017	4	7	352::10	2249.14		0	1	0	0	0	0	0	0	0	0	0	0	1	0	1	1	150	2		240	42	1	
21622	Thu Nov 30 09:33:16 2017	4	8	283::10	2249.14		0	0	0	0	0	0	0	0	0	0	1	0	0	1	1	1	139	2		240	43	1	
21622	Thu Nov 30 09:33:34 2017	4	9	278::12	2249.14		0	1	0	0	0	0	0	0	0	1	0	0	0	0	1	1	130	2		240	44	1	
21622	Thu Nov 30 09:33:52 2017	4	10	276::10	2249.14		0	0	0	0	0	0	1	0	0	0	0	0	0	1	1	1	102	1		240	45	1	
21622	Thu Nov 30 09:34:10 2017	4	11	436::10	2249.14		0	1	0	0	0	0	0	0	0	0	0	1	0	0	1	1	140	1		240	46	1	
21622	Thu Nov 30 09:34:29 2017	4	12	331::10	2249.14		0	0	0	0	0	0	0	1	0	0	0	0	0	1	1	1	90	9		240	47	1	
21622	Thu Nov 30 09:34:49 2017	4	13	245::10	2249.14		1	1	0	1	0	0	0	0	0	0	0	0	0	0	1	0	41	8		240	48	1	
21622	Thu Nov 30 09:35:06 2017	4	14	336::10	2249.14		0	0	0	0	1	0	0	0	0	0	0	0	0	1	1	1	38	8		240	49	1	
21622	Thu Nov 30 09:35:26 2017	4	15	0::1	2249.14		0	0	1	0	0	0	0	0	0	0	0	0	0	0	1	1	999			240	50	1	
21622	Thu Nov 30 09:35:34 2017	4	16	283::10	2249.14		0	0	0	0	0	0	0	0	0	0	0	0	1	1	1	1	169	1		240	51	1	
21622	Thu Nov 30 09:35:53 2017	4	17	254::10	2249.14		0	1	0	0	0	0	0	1	0	0	0	0	0	0	1	1	50	8		240	52	1	
21622	Thu Nov 30 09:36:11 2017	4	18	308::10	2249.14		0	0	0	1	0	0	0	0	0	0	0	0	0	1	1	1	39	9		240	53	1	
21622	Thu Nov 30 09:36:31 2017	4	19	343::10	2249.14		0	1	0	0	0	0	1	0	0	0	0	0	0	0	1	1	60	8		240	54	1	
21622	Thu Nov 30 09:36:49 2017	4	20	378::10	2249.14		0	0	0	0	0	1	0	0	0	0	0	0	0	1	1	1	51	8		240	55	1	
21622	Thu Nov 30 09:37:08 2017	4	21	334::11	2249.14		0	1	0	0	0	0	0	0	0	0	0	0	1	0	1	1	180	2		240	56	1	
21622	Thu Nov 30 09:37:26 2017	4	22	324::10	2249.14		0	0	0	0	0	0	1	0	0	0	0	0	0	1	1	1	60	9		240	57	1	
21622	Thu Nov 30 09:37:45 2017	4	23	267::10	2249.14		0	1	0	0	1	0	0	0	0	0	0	0	0	0	1	1	49	9		240	58	1	
21622	Thu Nov 30 09:38:03 2017	4	24	0::1	2249.14		0	0	1	0	0	0	0	0	0	0	0	0	0	0	1	1	999			240	59	1	
21622	Thu Nov 30 09:38:12 2017	4	25	416::10	2249.14		1	1	0	1	0	0	0	0	0	0	0	0	0	0	1	0	51	9		240	60	1	
21622	Thu Nov 30 09:38:30 2017	4	26	283::10	2249.14		0	0	0	0	0	0	0	0	1	0	0	0	0	1	1	1	121	2		240	61	1	
21622	Thu Nov 30 09:38:48 2017	4	27	315::10	2249.14		0	1	0	0	0	0	0	0	0	1	0	0	0	0	1	1	110	1		240	62	1	
21622	Thu Nov 30 09:39:06 2017	4	28	266::10	2249.14		0	0	0	0	0	0	0	0	0	0	0	1	0	1	1	1	151	1		240	63	1	
21622	Thu Nov 30 09:39:24 2017	4	29	284::10	2249.14		0	1	0	0	0	0	0	0	0	0	0	1	0	0	1	1	120	1		240	64	1	
21622	Thu Nov 30 09:39:44 2017	4	30	299::10	2249.14		0	0	0	0	0	0	0	0	0	1	0	0	0	1	1	1	110	8		240	65	1	
21622	Thu Nov 30 09:40:03 2017	4	31	864::10	2249.14		0	1	0	0	0	1	0	0	0	0	0	0	0	0	1	1	40	7		240	66	1	
21622	Thu Nov 30 09:40:21 2017	4	32	335::10	2249.14		0	0	0	0	0	0	0	0	0	1	0	0	0	1	1	1	90	8		240	67	1	
21622	Thu Nov 30 09:40:39 2017	4	33	221::10	2249.14		0	1	0	0	0	0	0	0	1	0	0	0	0	0	1	1	100	8		240	68	1	
21622	Thu Nov 30 09:40:57 2017	4	34	263::10	2249.14		0	0	0	0	0	0	0	0	0	0	1	0	0	1	1	1	99	8		240	69	1	
21622	Thu Nov 30 09:41:16 2017	4	35	267::10	2249.14		0	1	0	0	0	0	1	0	0	0	0	0	0	0	1	1	51	8		240	70	1	
21622	Thu Nov 30 09:41:35 2017	4	36	1138::10	2249.14		0	0	0	0	0	0	0	0	0	0	0	0	1	1	1	1	129	1		240	71	1	
21622	Thu Nov 30 09:41:54 2017	4	37	308::12	2249.14		0	1	0	0	0	0	0	0	0	0	0	0	1	0	1	1	129	1		240	72	1	
21622	Thu Nov 30 09:42:12 2017	4	38	304::10	2249.14		1	0	0	1	0	0	0	0	0	0	0	0	0	1	1	0	40	9		240	73	1	
21622	Thu Nov 30 09:42:30 2017	4	39	241::10	2249.14		1	1	0	1	0	0	0	0	0	0	0	0	0	0	1	0	50	9		240	74	1	
21622	Thu Nov 30 09:42:48 2017	4	40	571::10	2249.14		0	0	0	0	0	0	0	1	0	0	0	0	0	1	1	1	59	8		240	75	1	
21622	Thu Nov 30 09:43:06 2017	4	41	262::10	2249.14		0	1	0	0	0	0	0	1	0	0	0	0	0	0	1	1	60	8		240	76	1	
21622	Thu Nov 30 09:43:26 2017	4	42	278::10	2249.14		0	0	0	0	0	1	0	0	0	0	0	0	0	1	1	1	60	9		240	77	1	
21622	Thu Nov 30 09:43:45 2017	4	43	685::10	2249.14		0	1	0	0	0	0	0	0	0	0	1	0	0	0	1	1	128	1		240	78	1	
21622	Thu Nov 30 09:44:03 2017	4	44	273::10	2249.14		0	0	0	0	1	0	0	0	0	0	0	0	0	1	1	1	50	9		240	79	1	
21622	Thu Nov 30 09:44:21 2017	4	45	278::10	2249.14		0	1	0	0	0	0	0	0	0	0	1	0	0	0	1	1	110	1		240	80	1	
21622	Thu Nov 30 09:44:38 2017	4	46	309::10	2249.14		0	0	0	0	0	0	0	0	1	0	0	0	0	1	1	1	112	5		240	81	1	
21622	Thu Nov 30 09:44:58 2017	4	47	343::10	2249.14		0	1	0	0	0	1	0	0	0	0	0	0	0	0	1	1	40	9		240	82	1	
21622	Thu Nov 30 09:45:16 2017	4	48	293::10	2249.14		0	0	0	0	0	0	0	0	0	0	0	0	1	1	1	1	140	1		240	83	1	
21622	Thu Nov 30 09:45:35 2017	4	49	292::10	2249.14		0	1	0	0	0	0	0	0	0	0	0	0	1	0	1	1	149	1		240	84	1	
21622	Thu Nov 30 09:45:54 2017	4	50	219::10	2249.14		1	0	0	1	0	0	0	0	0	0	0	0	0	1	1	0	40	9		240	85	1	
21622	Thu Nov 30 09:48:19 2017	5	1	114::10	2249.14		1	1	0	1	0	0	0	0	0	0	0	0	0	0	1	0	999	8		240	86	1	
21622	Thu Nov 30 09:48:37 2017	5	2	307::10	2249.14		1	0	0	1	0	0	0	0	0	0	0	0	0	1	1	0	41	9		240	87	1	
21622	Thu Nov 30 09:48:56 2017	5	3	268::10	2249.14		1	0	0	1	0	0	0	0	0	0	0	0	0	1	1	0	49	8		240	88	1	
21622	Thu Nov 30 09:49:14 2017	5	4	267::11	2249.14		1	0	0	1	0	0	0	0	0	0	0	0	0	1	1	0	50	9		240	89	1	
21622	Thu Nov 30 09:49:33 2017	5	5	352::10	2249.14		1	1	0	1	0	0	0	0	0	0	0	0	0	0	1	0	40	9		240	90	1	
21622	Thu Nov 30 09:49:53 2017	5	6	309::11	2249.14		0	0	0	1	0	0	0	0	0	0	0	0	0	1	1	1	43	9		240	91	1	
21622	Thu Nov 30 09:50:12 2017	6	1	986::10	2249.14		1	1	0	1	0	0	0	0	0	0	0	0	0	0	1	0	50	9		240	92	1	
21622	Thu Nov 30 09:50:32 2017	6	2	284::10	2249.14		0	0	0	0	0	0	0	0	0	0	0	0	1	1	1	1	129	1		240	93	1	
21622	Thu Nov 30 09:50:51 2017	6	3	252::10	2249.14		0	1	0	0	1	0	0	0	0	0	0	0	0	0	1	1	50	10		240	94	1	
21622	Thu Nov 30 09:51:10 2017	6	4	305::10	2249.14		0	0	0	0	0	0	0	0	0	0	0	1	0	1	1	1	140	1		240	95	1	
21622	Thu Nov 30 09:51:28 2017	6	5	431::12	2249.14		0	1	0	0	0	0	0	0	0	0	0	0	1	0	1	1	139	1		240	96	1	
21622	Thu Nov 30 09:51:46 2017	6	6	266::10	2249.14		0	0	0	0	0	0	0	0	0	0	1	0	0	1	1	1	120	1		240	97	1	
21622	Thu Nov 30 09:52:05 2017	6	7	334::10	2249.14		0	1	0	0	0	0	1	0	0	0	0	0	0	0	1	1	50	8		240	98	1	
21622	Thu Nov 30 09:52:24 2017	6	8	1647::10	2249.14		1	0	0	1	0	0	0	0	0	0	0	0	0	1	1	0	40	9		240	99	1	
21622	Thu Nov 30 09:52:41 2017	6	9	324::11	2249.14		0	1	0	0	0	0	0	0	0	0	1	0	0	0	1	1	131	1		240	100	1	
21622	Thu Nov 30 09:53:00 2017	6	10	298::10	2249.14		0	0	0	0	0	0	1	0	0	0	0	0	0	1	1	1	50	9		240	101	1	
21622	Thu Nov 30 09:53:20 2017	6	11	214::10	2249.14		0	1	0	0	0	0	0	1	0	0	0	0	0	0	1	1	51	8		240	102	1	
21622	Thu Nov 30 09:53:39 2017	6	12	303::10	2249.14		1	0	0	1	0	0	0	0	0	0	0	0	0	1	1	0	40	1		240	103	1	
21622	Thu Nov 30 09:53:57 2017	6	13	643::10	2249.14		0	1	0	1	0	0	0	0	0	0	0	0	0	0	1	1	40	9		240	104	1	
21622	Thu Nov 30 09:54:15 2017	6	14	236::10	2249.14		0	0	0	0	1	0	0	0	0	0	0	0	0	1	1	1	50	9		240	105	1	
21622	Thu Nov 30 09:54:34 2017	6	15	1142::10	2249.14		1	1	0	1	0	0	0	0	0	0	0	0	0	0	1	0	40	9		240	106	1	
21622	Thu Nov 30 09:54:54 2017	6	16	494::10	2249.14		0	0	0	0	0	0	0	0	0	0	0	1	0	1	1	1	140	1		240	107	1	
21622	Thu Nov 30 09:55:11 2017	6	17	340::10	2249.14		0	1	0	0	0	0	0	0	1	0	0	0	0	0	1	1	60	9		240	108	1	
21622	Thu Nov 30 09:55:29 2017	6	18	2334::6	2249.14		0	0	0	1	0	0	0	0	0	0	0	0	0	1	1	1	39	9		240	109	1	
21622	Thu Nov 30 09:55:46 2017	6	19	1762::12	2249.14		0	1	0	0	0	0	1	0	0	0	0	0	0	0	1	1	120	8		240	110	1	
21622	Thu Nov 30 09:56:06 2017	6	20	686::10	2249.14		0	0	0	0	0	0	0	0	0	0	1	0	0	1	1	1	144	1		240	111	1	
21622	Thu Nov 30 09:56:24 2017	6	21	351::10	2249.14		0	1	0	0	0	0	0	0	0	0	0	1	0	0	1	1	140	1		240	112	1	
21622	Thu Nov 30 09:56:42 2017	6	22	268::10	2249.14		0	0	0	0	1	0	0	0	0	0	0	0	0	1	1	1	30	9		240	113	1	
21622	Thu Nov 30 09:57:01 2017	6	23	974::10	2249.14		0	1	0	0	1	0	0	0	0	0	0	0	0	0	1	1	30	9		240	114	1	
21622	Thu Nov 30 09:57:18 2017	6	24	853::10	2249.14		0	0	0	0	0	0	0	1	0	0	0	0	0	1	1	1	59	9		240	115	1	
21622	Thu Nov 30 09:57:37 2017	6	25	389::10	2249.14		0	1	0	0	0	0	0	0	0	0	1	0	0	0	1	1	129	1		240	116	1	
21622	Thu Nov 30 09:57:57 2017	6	26	0::1	2249.14		0	0	1	0	0	0	0	0	0	0	0	0	0	0	1	1	999			240	117	1	
21622	Thu Nov 30 09:58:06 2017	6	27	377::10	2249.14		0	0	0	0	0	0	0	0	0	0	0	0	1	1	1	1	151	1		240	118	1	
21622	Thu Nov 30 09:58:26 2017	6	28	356::10	2249.14		0	1	0	0	0	0	0	0	0	1	0	0	0	0	1	1	100	1		240	119	1	
21622	Thu Nov 30 09:58:45 2017	6	29	358::10	2249.14		0	0	0	0	0	1	0	0	0	0	0	0	0	1	1	1	50	10		240	120	1	
21622	Thu Nov 30 09:59:04 2017	6	30	615::10	2249.14		0	1	0	0	0	0	0	0	0	0	0	1	0	0	1	1	110	1		240	121	1	
21622	Thu Nov 30 09:59:23 2017	6	31	365::10	2249.14		1	0	0	1	0	0	0	0	0	0	0	0	0	1	1	0	30	9		240	122	1	
21622	Thu Nov 30 09:59:42 2017	6	32	339::10	2249.14		0	1	0	0	0	0	0	1	0	0	0	0	0	0	1	1	61	9		240	123	1	
21622	Thu Nov 30 10:00:01 2017	6	33	309::10	2249.14		0	0	0	0	0	0	0	0	1	0	0	0	0	1	1	1	69	7		240	124	1	
21622	Thu Nov 30 10:00:18 2017	6	34	410::10	2249.14		0	1	0	0	0	0	0	0	0	0	0	0	1	0	1	1	119	1		240	125	1	
21622	Thu Nov 30 10:00:38 2017	6	35	1689::10	2249.14		0	0	0	0	0	0	0	0	1	0	0	0	0	1	1	1	60	8		240	126	1	
21622	Thu Nov 30 10:00:56 2017	6	36	2712::6	2249.14		0	1	0	0	0	0	0	0	0	0	0	0	1	0	1	1	140	1		240	127	1	
21622	Thu Nov 30 10:01:13 2017	6	37	272::10	2249.14		0	0	0	0	0	0	0	1	0	0	0	0	0	1	1	1	39	9		240	128	1	
21622	Thu Nov 30 10:01:32 2017	6	38	482::10	2249.14		0	1	0	0	0	0	0	0	1	0	0	0	0	0	1	1	69	9		240	129	1	
21622	Thu Nov 30 10:01:51 2017	6	39	199::10	2249.14		0	0	0	0	0	0	0	0	0	0	0	0	1	1	1	1	150	1		240	130	1	
21622	Thu Nov 30 10:02:10 2017	6	40	273::10	2249.14		0	1	0	0	0	1	0	0	0	0	0	0	0	0	1	1	50	9		240	131	1	
21622	Thu Nov 30 10:02:29 2017	6	41	547::10	2249.14		0	0	0	0	0	0	0	0	0	0	0	0	1	1	1	1	142	1		240	132	1	
21622	Thu Nov 30 10:02:47 2017	6	42	487::10	2249.14		0	1	0	0	0	0	0	0	0	1	0	0	0	0	1	1	79	7		240	133	1	
21622	Thu Nov 30 10:03:05 2017	6	43	0::1	2249.14		0	0	1	0	0	0	0	0	0	0	0	0	0	0	1	1	999			240	134	1	
21622	Thu Nov 30 10:03:13 2017	6	44	275::10	2249.14		0	0	0	0	0	0	1	0	0	0	0	0	0	1	1	1	59	8		240	135	1	
21622	Thu Nov 30 10:03:31 2017	6	45	195::10	2249.14		1	1	0	1	0	0	0	0	0	0	0	0	0	0	1	0	31	9		240	136	1	
21622	Thu Nov 30 10:03:49 2017	6	46	1127::10	2249.14		0	0	0	0	0	0	0	0	0	1	0	0	0	1	1	1	121	1		240	137	1	
21622	Thu Nov 30 10:04:07 2017	6	47	280::11	2249.14		0	1	0	0	0	1	0	0	0	0	0	0	0	0	1	1	50	9		240	138	1	
21622	Thu Nov 30 10:04:26 2017	6	48	357::10	2249.14		0	0	0	0	0	1	0	0	0	0	0	0	0	1	1	1	50	9		240	139	1	
21622	Thu Nov 30 10:04:45 2017	6	49	333::10	2249.14		0	1	0	0	0	0	0	0	0	0	0	0	1	0	1	1	131	1		240	140	1	
21622	Thu Nov 30 10:05:04 2017	6	50	227::10	2249.14		0	0	0	0	0	0	0	0	0	1	0	0	0	1	1	1	111	7		240	141	1	
21622	Thu Nov 30 10:07:34 2017	8	1	315::10	2249.14		1	0	0	1	0	0	0	0	0	0	0	0	0	1	1	0	40	9		240	142	1	
21622	Thu Nov 30 10:07:54 2017	8	2	326::10	2249.14		0	0	0	1	0	0	0	0	0	0	0	0	0	1	1	1	51	9		240	143	1	
21622	Thu Nov 30 10:08:12 2017	8	3	279::10	2249.14		1	1	0	1	0	0	0	0	0	0	0	0	0	0	1	0	41	9		240	144	1	
21622	Thu Nov 30 10:08:30 2017	8	4	386::10	2249.14		1	0	0	1	0	0	0	0	0	0	0	0	0	1	1	0	40	9		240	145	1	
21622	Thu Nov 30 10:08:47 2017	8	5	285::10	2249.14		1	1	0	1	0	0	0	0	0	0	0	0	0	0	1	0	40	9		240	146	1	
21622	Thu Nov 30 10:09:05 2017	8	6	309::10	2249.14		1	0	0	1	0	0	0	0	0	0	0	0	0	1	1	0	50	9		240	147	1	
21622	Thu Nov 30 10:09:22 2017	9	1	325::11	2249.14		0	1	0	0	0	1	0	0	0	0	0	0	0	0	1	1	60	9		240	148	1	
21622	Thu Nov 30 10:09:40 2017	9	2	299::10	2249.14		0	0	0	0	0	0	0	0	0	0	0	0	1	1	1	1	120	1		240	149	1	
21622	Thu Nov 30 10:09:58 2017	9	3	299::10	2249.14		0	1	0	0	0	1	0	0	0	0	0	0	0	0	1	1	61	9		240	150	1	
21622	Thu Nov 30 10:10:15 2017	9	4	1144::10	2249.14		0	0	0	1	0	0	0	0	0	0	0	0	0	1	1	1	39	9		240	151	1	
21622	Thu Nov 30 10:10:33 2017	9	5	203::10	2249.14		1	1	0	1	0	0	0	0	0	0	0	0	0	0	1	0	40	9		240	152	1	
21622	Thu Nov 30 10:10:50 2017	9	6	2006::6	2249.14		0	0	0	0	0	0	1	0	0	0	0	0	0	1	1	1	80	8		240	153	1	
21622	Thu Nov 30 10:11:10 2017	9	7	262::10	2249.14		0	1	0	0	0	0	0	0	0	1	0	0	0	0	1	1	70	1		240	154	1	
21622	Thu Nov 30 10:11:28 2017	9	8	1814::10	2249.14		1	0	0	1	0	0	0	0	0	0	0	0	0	1	1	0	40	9		240	155	1	
21622	Thu Nov 30 10:11:48 2017	9	9	1057::10	2249.14		0	1	0	0	0	0	0	0	0	0	0	0	1	0	1	1	130	1		240	156	1	
21622	Thu Nov 30 10:12:07 2017	9	10	854::10	2249.14		0	0	0	0	0	0	0	0	0	1	0	0	0	1	1	1	70	3		240	157	1	
21622	Thu Nov 30 10:12:25 2017	9	11	303::10	2249.14		0	1	0	0	1	0	0	0	0	0	0	0	0	0	1	1	41	9		240	158	1	
21622	Thu Nov 30 10:12:43 2017	9	12	381::10	2249.14		0	0	0	0	0	0	0	0	1	0	0	0	0	1	1	1	70	8		240	159	1	
21622	Thu Nov 30 10:13:02 2017	9	13	1238::12	2249.14		1	1	0	1	0	0	0	0	0	0	0	0	0	0	1	0	40	9		240	160	1	
21622	Thu Nov 30 10:13:20 2017	9	14	548::10	2249.14		0	0	0	0	1	0	0	0	0	0	0	0	0	1	1	1	50	9		240	161	1	
21622	Thu Nov 30 10:13:38 2017	9	15	530::10	2249.14		0	1	0	0	0	0	1	0	0	0	0	0	0	0	1	1	100	8		240	162	1	
21622	Thu Nov 30 10:13:58 2017	9	16	547::10	2249.14		0	0	0	0	0	0	0	0	0	0	0	0	1	1	1	1	140	2		240	163	1	
21622	Thu Nov 30 10:14:18 2017	9	17	355::10	2249.14		0	1	0	0	0	0	0	0	0	0	1	0	0	0	1	1	130	2		240	164	1	
21622	Thu Nov 30 10:14:35 2017	9	18	281::10	2249.14		0	0	0	0	0	0	0	1	0	0	0	0	0	1	1	1	61	8		240	165	1	
21622	Thu Nov 30 10:14:54 2017	9	19	0::1	2249.14		0	0	1	0	0	0	0	0	0	0	0	0	0	0	1	1	999			240	166	1	
21622	Thu Nov 30 10:15:02 2017	9	20	703::11	2249.14		1	0	0	1	0	0	0	0	0	0	0	0	0	1	1	0	40	9		240	167	1	
21622	Thu Nov 30 10:15:22 2017	9	21	680::10	2249.14		0	1	0	0	1	0	0	0	0	0	0	0	0	0	1	1	49	8		240	168	1	
21622	Thu Nov 30 10:15:41 2017	9	22	337::11	2249.14		0	0	0	0	0	0	0	0	0	0	0	1	0	1	1	1	61	1		240	169	1	
21622	Thu Nov 30 10:16:01 2017	9	23	292::11	2249.14		0	1	0	0	0	0	0	0	0	0	0	0	1	0	1	1	149	1		240	170	1	
21622	Thu Nov 30 10:16:19 2017	9	24	326::11	2249.14		0	0	0	0	0	1	0	0	0	0	0	0	0	1	1	1	49	9		240	171	1	
21622	Thu Nov 30 10:16:37 2017	9	25	3179::6	2249.14		0	1	0	1	0	0	0	0	0	0	0	0	0	0	1	1	50	9		240	172	1	
21622	Thu Nov 30 10:16:54 2017	9	26	293::10	2249.14		0	0	0	0	0	0	0	0	0	0	1	0	0	1	1	1	130	1		240	173	1	
21622	Thu Nov 30 10:17:14 2017	9	27	278::12	2249.14		0	1	0	0	0	0	0	1	0	0	0	0	0	0	1	1	50	9		240	174	1	
21622	Thu Nov 30 10:17:33 2017	9	28	334::10	2249.14		0	0	0	0	0	0	0	0	0	0	1	0	0	1	1	1	110	1		240	175	1	
21622	Thu Nov 30 10:17:50 2017	9	29	601::10	2249.14		0	1	0	0	0	0	0	0	0	0	0	0	1	0	1	1	111	5		240	176	1	
21622	Thu Nov 30 10:18:09 2017	9	30	232::10	2249.14		0	0	0	0	0	0	0	0	0	0	0	0	1	1	1	1	130	1		240	177	1	
21622	Thu Nov 30 10:18:27 2017	9	31	226::10	2249.14		0	1	0	0	0	0	0	0	0	0	1	0	0	0	1	1	110	2		240	178	1	
21622	Thu Nov 30 10:18:44 2017	9	32	975::10	2249.14		0	0	0	0	1	0	0	0	0	0	0	0	0	1	1	1	39	9		240	179	1	
21622	Thu Nov 30 10:19:02 2017	9	33	237::10	2249.14		0	1	0	0	0	0	0	0	0	0	0	0	1	0	1	1	121	1		240	180	1	
21622	Thu Nov 30 10:19:20 2017	9	34	302::10	2249.14		0	0	0	0	0	0	0	1	0	0	0	0	0	1	1	1	41	9		240	181	1	
21622	Thu Nov 30 10:19:38 2017	9	35	268::10	2249.14		0	1	0	0	0	0	0	0	1	0	0	0	0	0	1	1	73	7		240	182	1	
21622	Thu Nov 30 10:19:57 2017	9	36	301::10	2249.14		0	0	0	0	0	0	0	0	0	0	0	1	0	1	1	1	140	3		240	183	1	
21622	Thu Nov 30 10:20:15 2017	9	37	2617::6	2249.14		0	1	0	0	0	0	0	1	0	0	0	0	0	0	1	1	50	3		240	184	1	
21622	Thu Nov 30 10:20:33 2017	9	38	310::10	2249.14		0	0	0	0	0	0	0	0	1	0	0	0	0	1	1	1	71	7		240	185	1	
21622	Thu Nov 30 10:20:52 2017	9	39	2778::7	2249.14		0	1	0	0	0	0	0	0	0	0	0	1	0	0	1	1	101	1		240	186	1	
21622	Thu Nov 30 10:21:10 2017	9	40	0::1	2249.14		0	0	1	0	0	0	0	0	0	0	0	0	0	0	1	1	999			240	187	1	
21622	Thu Nov 30 10:21:18 2017	9	41	485::11	2249.14		0	1	0	0	0	0	0	0	1	0	0	0	0	0	1	1	80	7		240	188	1	
21622	Thu Nov 30 10:21:36 2017	9	42	309::10	2249.14		0	0	0	0	0	1	0	0	0	0	0	0	0	1	1	1	49	9		240	189	1	
21622	Thu Nov 30 10:21:53 2017	9	43	1212::10	2249.14		1	1	0	1	0	0	0	0	0	0	0	0	0	0	1	0	40	9		240	190	1	
21622	Thu Nov 30 10:22:13 2017	9	44	655::10	2249.14		0	0	0	0	0	0	0	0	0	1	0	0	0	1	1	1	130	2		240	191	1	
21622	Thu Nov 30 10:22:32 2017	9	45	666::10	2249.14		0	1	0	0	0	0	0	0	0	1	0	0	0	0	1	1	70	2		240	192	1	
21622	Thu Nov 30 10:22:51 2017	9	46	263::10	2249.14		0	0	0	0	0	0	1	0	0	0	0	0	0	1	1	1	60	8		240	193	1	
21622	Thu Nov 30 10:23:08 2017	9	47	392::10	2249.14		0	1	0	0	0	0	0	0	0	0	0	1	0	0	1	1	121	1		240	194	1	
21622	Thu Nov 30 10:23:28 2017	9	48	603::10	2249.14		1	0	0	1	0	0	0	0	0	0	0	0	0	1	1	0	39	9		240	195	1	
21622	Thu Nov 30 10:23:48 2017	9	49	1742::6	2249.14		0	1	0	0	0	0	1	0	0	0	0	0	0	0	1	1	120	1		240	196	1	
21622	Thu Nov 30 10:24:07 2017	9	50	308::11	2249.14		0	0	0	0	0	0	0	0	0	0	0	0	1	1	1	1	141	1		240	197	1	
