version	timestamp	block number	trial number	lost msec	free VRAM	trial contents	US	Startle_Circle	Startle_ITI	C1	C2	C3	C5	C4	C6	C7	C8	C9	C10	No_Startle	Generalization_Block	No_US	Size	US_expect	Resp_Rev	US_Intensity	Total_trial_nr	group	
21622	Mon Nov 06 16:11:32 2017	2	1	43::36	2249.14		0	0	1	0	0	0	0	0	0	0	0	0	0	0	0	1	999			170	1	2	
21622	Mon Nov 06 16:11:41 2017	2	2	2::2	2249.14		0	0	1	0	0	0	0	0	0	0	0	0	0	0	0	1	999			170	2	2	
21622	Mon Nov 06 16:11:49 2017	2	3	0::1	2249.14		0	0	1	0	0	0	0	0	0	0	0	0	0	0	0	1	999			170	3	2	
21622	Mon Nov 06 16:11:58 2017	2	4	174::10	2249.14		0	1	0	1	0	0	0	0	0	0	0	0	0	0	0	1	999	3		170	4	2	
21622	Mon Nov 06 16:12:16 2017	2	5	291::10	2249.14		0	1	0	0	0	0	0	0	0	0	0	0	1	0	0	1	180	4		170	5	2	
21622	Mon Nov 06 16:12:33 2017	2	6	244::12	2249.14		0	1	0	1	0	0	0	0	0	0	0	0	0	0	0	1	50	3		170	6	2	
21622	Mon Nov 06 16:12:51 2017	2	7	276::10	2249.14		0	1	0	0	0	0	0	0	0	0	0	0	1	0	0	1	190	4		170	7	2	
21622	Mon Nov 06 16:13:09 2017	2	8	264::10	2249.14		0	1	0	0	0	0	0	0	0	0	0	0	1	0	0	1	186	3		170	8	2	
21622	Mon Nov 06 16:13:28 2017	2	9	499::10	2249.14		0	1	0	1	0	0	0	0	0	0	0	0	0	0	0	1	41	1		170	9	2	
21622	Mon Nov 06 16:13:46 2017	2	10	0::1	2249.14		0	0	1	0	0	0	0	0	0	0	0	0	0	0	0	1	999			170	10	2	
21622	Mon Nov 06 16:14:19 2017	3	1	423::10	2249.14		0	0	0	1	0	0	0	0	0	0	0	0	0	1	0	1	39	2		170	11	2	
21622	Mon Nov 06 16:14:38 2017	3	2	0::1	2249.14		0	0	1	0	0	0	0	0	0	0	0	0	0	0	0	1	999			170	12	2	
21622	Mon Nov 06 16:14:46 2017	3	3	222::11	2249.14		0	1	0	0	0	0	0	0	0	0	0	0	1	0	0	1	141	2		170	13	2	
21622	Mon Nov 06 16:15:05 2017	3	4	548::10	2249.14		1	0	0	0	0	0	0	0	0	0	0	0	1	1	0	0	154	2		170	14	2	
21622	Mon Nov 06 16:15:23 2017	3	5	332::10	2249.14		0	1	0	1	0	0	0	0	0	0	0	0	0	0	0	1	36	2		170	15	2	
21622	Mon Nov 06 16:15:43 2017	3	6	488::10	2249.14		1	0	0	0	0	0	0	0	0	0	0	0	1	1	0	0	141	2		170	16	2	
21622	Mon Nov 06 16:16:01 2017	3	7	263::10	2249.14		0	1	0	1	0	0	0	0	0	0	0	0	0	0	0	1	40	2		170	17	2	
21622	Mon Nov 06 16:16:21 2017	3	8	485::10	2249.14		0	0	0	0	0	0	0	0	0	0	0	0	1	1	0	1	165	8		170	18	2	
21622	Mon Nov 06 16:16:40 2017	3	9	231::11	2249.14		1	1	0	0	0	0	0	0	0	0	0	0	1	0	0	0	159	8		170	19	2	
21622	Mon Nov 06 16:16:57 2017	3	10	607::10	2249.14		0	0	0	1	0	0	0	0	0	0	0	0	0	1	0	1	40	2		170	20	2	
21622	Mon Nov 06 16:17:15 2017	3	11	339::10	2249.14		0	1	0	1	0	0	0	0	0	0	0	0	0	0	0	1	38	2		170	21	2	
21622	Mon Nov 06 16:17:33 2017	3	12	286::10	2249.14		1	0	0	0	0	0	0	0	0	0	0	0	1	1	0	0	140	8		170	22	2	
21622	Mon Nov 06 16:17:52 2017	3	13	520::10	2249.14		0	1	0	1	0	0	0	0	0	0	0	0	0	0	0	1	40	1		170	23	2	
21622	Mon Nov 06 16:18:10 2017	3	14	249::10	2249.14		1	0	0	0	0	0	0	0	0	0	0	0	1	1	0	0	151	10		170	24	2	
21622	Mon Nov 06 16:18:28 2017	3	15	333::10	2249.14		0	1	0	1	0	0	0	0	0	0	0	0	0	0	0	1	41	1		170	25	2	
21622	Mon Nov 06 16:18:47 2017	3	16	491::10	2249.14		0	0	0	1	0	0	0	0	0	0	0	0	0	1	0	1	40	1		170	26	2	
21622	Mon Nov 06 16:19:04 2017	3	17	613::10	2249.14		1	1	0	0	0	0	0	0	0	0	0	0	1	0	0	0	140	10		170	27	2	
21622	Mon Nov 06 16:19:24 2017	3	18	319::11	2249.14		0	0	0	1	0	0	0	0	0	0	0	0	0	1	0	1	41	1		170	28	2	
21622	Mon Nov 06 16:19:42 2017	3	19	624::10	2249.14		1	1	0	0	0	0	0	0	0	0	0	0	1	0	0	0	142	10		170	29	2	
21622	Mon Nov 06 16:20:01 2017	3	20	273::10	2249.14		0	0	0	1	0	0	0	0	0	0	0	0	0	1	0	1	40	1		170	30	2	
21622	Mon Nov 06 16:20:21 2017	3	21	260::12	2249.14		1	1	0	0	0	0	0	0	0	0	0	0	1	0	0	0	140	10		170	31	2	
21622	Mon Nov 06 16:20:41 2017	3	22	267::10	2249.14		0	0	0	1	0	0	0	0	0	0	0	0	0	1	0	1	41	1		170	32	2	
21622	Mon Nov 06 16:20:58 2017	3	23	321::10	2249.14		1	0	0	0	0	0	0	0	0	0	0	0	1	1	0	0	139	10		170	33	2	
21622	Mon Nov 06 16:21:15 2017	3	24	424::10	2249.14		1	0	0	0	0	0	0	0	0	0	0	0	1	1	0	0	141	10		170	34	2	
21622	Mon Nov 06 16:21:35 2017	3	25	460::10	2249.14		0	0	0	1	0	0	0	0	0	0	0	0	0	1	0	1	40	1		170	35	2	
21622	Mon Nov 06 16:21:52 2017	4	1	238::11	2249.14		0	0	0	0	0	0	0	0	1	0	0	0	0	1	1	1	102	5		170	36	2	
21622	Mon Nov 06 16:22:12 2017	4	2	321::10	2249.14		0	1	0	1	0	0	0	0	0	0	0	0	0	0	1	1	40	1		170	37	2	
21622	Mon Nov 06 16:22:29 2017	4	3	245::10	2249.14		0	0	0	0	0	0	0	0	0	0	0	1	0	1	1	1	141	10		170	38	2	
21622	Mon Nov 06 16:22:49 2017	4	4	301::11	2249.14		0	1	0	0	0	0	0	1	0	0	0	0	0	0	1	1	69	1		170	39	2	
21622	Mon Nov 06 16:23:08 2017	4	5	308::10	2249.14		0	0	0	0	0	0	0	0	0	0	0	0	1	1	1	1	141	1		170	40	2	
21622	Mon Nov 06 16:23:26 2017	4	6	255::10	2249.14		0	1	0	0	0	0	0	0	0	0	1	0	0	0	1	1	141	1		170	41	2	
21622	Mon Nov 06 16:23:45 2017	4	7	137::10	2249.14		0	0	0	0	0	0	1	0	0	0	0	0	0	1	1	1	999	1		170	42	2	
21622	Mon Nov 06 16:24:04 2017	4	8	460::10	2249.14		0	1	0	0	0	0	0	1	0	0	0	0	0	0	1	1	49	1		170	43	2	
21622	Mon Nov 06 16:24:22 2017	4	9	286::10	2249.14		0	0	0	0	1	0	0	0	0	0	0	0	0	1	1	1	29	1		170	44	2	
21622	Mon Nov 06 16:24:41 2017	4	10	372::12	2249.14		1	1	0	0	0	0	0	0	0	0	0	0	1	0	1	0	89	1		170	45	2	
21622	Mon Nov 06 16:25:01 2017	4	11	438::10	2249.14		0	0	0	0	0	0	0	0	0	0	1	0	0	1	1	1	90	1		170	46	2	
21622	Mon Nov 06 16:25:20 2017	4	12	545::12	2249.14		0	1	0	0	0	0	0	0	0	0	0	1	0	0	1	1	80	1		170	47	2	
21622	Mon Nov 06 16:25:38 2017	4	13	573::11	2249.14		0	0	0	0	0	0	0	0	0	1	0	0	0	1	1	1	73	1		170	48	2	
21622	Mon Nov 06 16:25:56 2017	4	14	766::10	2249.14		0	1	0	0	0	1	0	0	0	0	0	0	0	0	1	1	49	1		170	49	2	
21622	Mon Nov 06 16:26:14 2017	4	15	772::10	2249.14		0	0	0	0	1	0	0	0	0	0	0	0	0	1	1	1	31	1		170	50	2	
21622	Mon Nov 06 16:26:33 2017	4	16	498::10	2249.14		0	1	0	1	0	0	0	0	0	0	0	0	0	0	1	1	30	1		170	51	2	
21622	Mon Nov 06 16:26:51 2017	4	17	390::10	2249.14		0	0	0	1	0	0	0	0	0	0	0	0	0	1	1	1	30	1		170	52	2	
21622	Mon Nov 06 16:27:09 2017	4	18	275::10	2249.14		0	1	0	0	0	0	0	0	0	0	1	0	0	0	1	1	80	1		170	53	2	
21622	Mon Nov 06 16:27:28 2017	4	19	294::10	2249.14		0	0	0	0	0	1	0	0	0	0	0	0	0	1	1	1	30	1		170	54	2	
21622	Mon Nov 06 16:27:47 2017	4	20	0::1	2249.14		0	0	1	0	0	0	0	0	0	0	0	0	0	0	1	1	999			170	55	2	
21622	Mon Nov 06 16:27:55 2017	4	21	294::11	2249.14		0	0	0	0	0	0	0	1	0	0	0	0	0	1	1	1	48	1		170	56	2	
21622	Mon Nov 06 16:28:14 2017	4	22	391::10	2249.14		0	1	0	1	0	0	0	0	0	0	0	0	0	0	1	1	26	1		170	57	2	
21622	Mon Nov 06 16:28:31 2017	4	23	287::10	2249.14		0	0	0	0	0	0	1	0	0	0	0	0	0	1	1	1	48	1		170	58	2	
21622	Mon Nov 06 16:28:49 2017	4	24	489::10	2249.14		0	1	0	0	0	0	0	0	0	1	0	0	0	0	1	1	56	1		170	59	2	
21622	Mon Nov 06 16:29:09 2017	4	25	220::10	2249.14		0	0	0	0	0	0	0	0	1	0	0	0	0	1	1	1	50	1		170	60	2	
21622	Mon Nov 06 16:29:26 2017	4	26	449::10	2249.14		0	1	0	0	0	0	1	0	0	0	0	0	0	0	1	1	47	1		170	61	2	
21622	Mon Nov 06 16:29:43 2017	4	27	448::10	2249.14		0	0	0	0	0	0	0	1	0	0	0	0	0	1	1	1	44	1		170	62	2	
21622	Mon Nov 06 16:30:03 2017	4	28	589::10	2249.14		0	1	0	0	1	0	0	0	0	0	0	0	0	0	1	1	26	1		170	63	2	
21622	Mon Nov 06 16:30:22 2017	4	29	301::10	2249.14		0	0	0	0	0	0	0	0	0	1	0	0	0	1	1	1	62	1		170	64	2	
21622	Mon Nov 06 16:30:42 2017	4	30	1015::11	2249.14		0	1	0	0	1	0	0	0	0	0	0	0	0	0	1	1	25	1		170	65	2	
21622	Mon Nov 06 16:31:01 2017	4	31	326::10	2249.14		0	0	0	1	0	0	0	0	0	0	0	0	0	1	1	1	29	1		170	66	2	
21622	Mon Nov 06 16:31:20 2017	4	32	592::10	2249.14		0	1	0	0	0	0	0	0	0	1	0	0	0	0	1	1	60	1		170	67	2	
21622	Mon Nov 06 16:31:38 2017	4	33	368::10	2249.14		0	0	0	1	0	0	0	0	0	0	0	0	0	1	1	1	28	1		170	68	2	
21622	Mon Nov 06 16:31:57 2017	4	34	407::10	2249.14		0	1	0	0	0	0	0	0	0	0	0	0	1	0	1	1	77	1		170	69	2	
21622	Mon Nov 06 16:32:17 2017	4	35	452::10	2249.14		0	0	0	0	0	0	0	0	0	0	0	1	0	1	1	1	73	1		170	70	2	
21622	Mon Nov 06 16:32:34 2017	4	36	209::10	2249.14		0	1	0	0	0	0	1	0	0	0	0	0	0	0	1	1	35	1		170	71	2	
21622	Mon Nov 06 16:32:53 2017	4	37	264::11	2249.14		1	0	0	0	0	0	0	0	0	0	0	0	1	1	1	0	86	1		170	72	2	
21622	Mon Nov 06 16:33:11 2017	4	38	489::10	2249.14		0	1	0	0	0	0	0	0	1	0	0	0	0	0	1	1	41	1		170	73	2	
21622	Mon Nov 06 16:33:28 2017	4	39	297::10	2249.14		1	0	0	0	0	0	0	0	0	0	0	0	1	1	1	0	93	1		170	74	2	
21622	Mon Nov 06 16:33:46 2017	4	40	474::12	2249.14		1	1	0	0	0	0	0	0	0	0	0	0	1	0	1	0	91	10		170	75	2	
21622	Mon Nov 06 16:34:05 2017	4	41	527::10	2249.14		0	0	0	1	0	0	0	0	0	0	0	0	0	1	1	1	32	1		170	76	2	
21622	Mon Nov 06 16:34:23 2017	4	42	420::10	2249.14		0	1	0	0	0	1	0	0	0	0	0	0	0	0	1	1	37	1		170	77	2	
21622	Mon Nov 06 16:34:41 2017	4	43	683::10	2249.14		1	0	0	0	0	0	0	0	0	0	0	0	1	1	1	0	82	10		170	78	2	
21622	Mon Nov 06 16:34:59 2017	4	44	802::10	2249.14		0	1	0	0	0	0	0	0	0	0	0	1	0	0	1	1	77	10		170	79	2	
21622	Mon Nov 06 16:35:16 2017	4	45	675::10	2249.14		0	0	0	0	0	0	0	0	0	0	1	0	0	1	1	1	79	8		170	80	2	
21622	Mon Nov 06 16:35:36 2017	4	46	228::10	2249.14		1	1	0	0	0	0	0	0	0	0	0	0	1	0	1	0	90	8		170	81	2	
21622	Mon Nov 06 16:35:56 2017	4	47	0::1	2249.14		0	0	1	0	0	0	0	0	0	0	0	0	0	0	1	1	999			170	82	2	
21622	Mon Nov 06 16:36:04 2017	4	48	237::11	2249.14		0	0	0	0	0	1	0	0	0	0	0	0	0	1	1	1	32	1		170	83	2	
21622	Mon Nov 06 16:36:21 2017	4	49	307::10	2249.14		0	1	0	1	0	0	0	0	0	0	0	0	0	0	1	1	30	1		170	84	2	
21622	Mon Nov 06 16:36:40 2017	4	50	489::10	2249.14		0	1	0	0	0	0	0	0	1	0	0	0	0	0	1	1	90	10		170	85	2	
21622	Mon Nov 06 16:39:01 2017	5	1	119::10	2249.14		1	1	0	0	0	0	0	0	0	0	0	0	1	0	1	0	999	10		170	86	2	
21622	Mon Nov 06 16:39:19 2017	5	2	260::10	2249.14		1	0	0	0	0	0	0	0	0	0	0	0	1	1	1	0	94	10		170	87	2	
21622	Mon Nov 06 16:39:39 2017	5	3	397::10	2249.14		1	0	0	0	0	0	0	0	0	0	0	0	1	1	1	0	81	10		170	88	2	
21622	Mon Nov 06 16:39:58 2017	5	4	229::10	2249.14		0	0	0	0	0	0	0	0	0	0	0	0	1	1	1	1	70	10		170	89	2	
21622	Mon Nov 06 16:40:17 2017	5	5	295::10	2249.14		1	1	0	0	0	0	0	0	0	0	0	0	1	0	1	0	75	10		170	90	2	
21622	Mon Nov 06 16:40:37 2017	5	6	553::10	2249.14		1	0	0	0	0	0	0	0	0	0	0	0	1	1	1	0	68	10		170	91	2	
21622	Mon Nov 06 16:40:55 2017	6	1	0::1	2249.14		0	0	1	0	0	0	0	0	0	0	0	0	0	0	1	1	999			170	92	2	
21622	Mon Nov 06 16:41:02 2017	6	2	324::10	2249.14		0	1	0	1	0	0	0	0	0	0	0	0	0	0	1	1	26	1		170	93	2	
21622	Mon Nov 06 16:41:20 2017	6	3	323::10	2249.14		0	0	0	0	0	0	0	1	0	0	0	0	0	1	1	1	39	2		170	94	2	
21622	Mon Nov 06 16:41:38 2017	6	4	340::10	2249.14		0	1	0	0	0	0	0	0	0	0	0	1	0	0	1	1	71	10		170	95	2	
21622	Mon Nov 06 16:41:57 2017	6	5	503::10	2249.14		0	0	0	0	1	0	0	0	0	0	0	0	0	1	1	1	24	1		170	96	2	
21622	Mon Nov 06 16:42:14 2017	6	6	396::12	2249.14		0	1	0	0	0	0	0	0	0	0	1	0	0	0	1	1	66	10		170	97	2	
21622	Mon Nov 06 16:42:33 2017	6	7	260::10	2249.14		0	0	0	0	0	0	0	0	0	0	1	0	0	1	1	1	90	10		170	98	2	
21622	Mon Nov 06 16:42:53 2017	6	8	974::10	2249.14		0	1	0	0	0	0	0	0	0	1	0	0	0	0	1	1	61	7		170	99	2	
21622	Mon Nov 06 16:43:11 2017	6	9	423::10	2249.14		0	0	0	0	0	0	0	0	0	0	1	0	0	1	1	1	73	2		170	100	2	
21622	Mon Nov 06 16:43:28 2017	6	10	577::10	2249.14		0	1	0	0	0	0	1	0	0	0	0	0	0	0	1	1	40	1		170	101	2	
21622	Mon Nov 06 16:43:45 2017	6	11	226::10	2249.14		0	0	0	0	0	0	1	0	0	0	0	0	0	1	1	1	42	1		170	102	2	
21622	Mon Nov 06 16:44:04 2017	6	12	449::12	2249.14		0	1	0	1	0	0	0	0	0	0	0	0	0	0	1	1	19	1		170	103	2	
21622	Mon Nov 06 16:44:21 2017	6	13	251::10	2249.14		0	0	0	0	0	0	0	1	0	0	0	0	0	1	1	1	39	1		170	104	2	
21622	Mon Nov 06 16:44:39 2017	6	14	283::10	2249.14		0	1	0	1	0	0	0	0	0	0	0	0	0	0	1	1	18	1		170	105	2	
21622	Mon Nov 06 16:44:57 2017	6	15	225::10	2249.14		0	0	0	0	0	0	0	0	0	1	0	0	0	1	1	1	50	1		170	106	2	
21622	Mon Nov 06 16:45:16 2017	6	16	191::10	2249.14		0	1	0	0	0	0	0	0	0	1	0	0	0	0	1	1	39	1		170	107	2	
21622	Mon Nov 06 16:45:35 2017	6	17	446::10	2249.14		0	0	0	0	0	0	0	0	0	0	0	0	1	1	1	1	66	1		170	108	2	
21622	Mon Nov 06 16:45:53 2017	6	18	229::11	2249.14		0	1	0	1	0	0	0	0	0	0	0	0	0	0	1	1	20	1		170	109	2	
21622	Mon Nov 06 16:46:11 2017	6	19	421::10	2249.14		0	0	0	0	0	1	0	0	0	0	0	0	0	1	1	1	23	1		170	110	2	
21622	Mon Nov 06 16:46:30 2017	6	20	239::11	2249.14		0	1	0	0	0	0	0	1	0	0	0	0	0	0	1	1	0	1		170	111	2	
21622	Mon Nov 06 16:46:48 2017	6	21	285::10	2249.14		0	0	0	0	0	0	0	0	1	0	0	0	0	1	1	1	38	1		170	112	2	
21622	Mon Nov 06 16:47:08 2017	6	22	244::10	2249.14		0	1	0	0	0	0	0	0	1	0	0	0	0	0	1	1	48	1		170	113	2	
21622	Mon Nov 06 16:47:26 2017	6	23	403::10	2249.14		0	0	0	0	0	0	0	0	0	0	0	1	0	1	1	1	65	1		170	114	2	
21622	Mon Nov 06 16:47:45 2017	6	24	600::10	2249.14		0	1	0	0	0	0	0	1	0	0	0	0	0	0	1	1	30	1		170	115	2	
21622	Mon Nov 06 16:48:04 2017	6	25	272::11	2249.14		0	0	0	0	0	0	0	0	0	0	0	1	0	1	1	1	67	1		170	116	2	
21622	Mon Nov 06 16:48:22 2017	6	26	383::10	2249.14		0	1	0	0	1	0	0	0	0	0	0	0	0	0	1	1	24	1		170	117	2	
21622	Mon Nov 06 16:48:41 2017	6	27	296::6	2249.14		0	0	0	0	0	0	1	0	0	0	0	0	0	1	1	1	36	999		170	118	2	
21622	Mon Nov 06 16:48:59 2017	6	28	682::10	2249.14		0	1	0	0	0	0	0	0	0	0	0	0	1	0	1	1	70	1		170	119	2	
21622	Mon Nov 06 16:49:19 2017	6	29	307::10	2249.14		0	0	0	1	0	0	0	0	0	0	0	0	0	1	1	1	21	1		170	120	2	
21622	Mon Nov 06 16:49:37 2017	6	30	210::12	2249.14		0	1	0	0	0	1	0	0	0	0	0	0	0	0	1	1	37	1		170	121	2	
21622	Mon Nov 06 16:49:56 2017	6	31	467::10	2249.14		0	0	0	0	0	0	0	0	0	1	0	0	0	1	1	1	45	1		170	122	2	
21622	Mon Nov 06 16:50:14 2017	6	32	319::10	2249.14		0	1	0	0	0	0	0	0	0	0	0	1	0	0	1	1	54	1		170	123	2	
21622	Mon Nov 06 16:50:31 2017	6	33	425::10	2249.14		0	0	0	0	1	0	0	0	0	0	0	0	0	1	1	1	19	1		170	124	2	
21622	Mon Nov 06 16:50:50 2017	6	34	441::10	2249.14		1	1	0	0	0	0	0	0	0	0	0	0	1	0	1	0	62	1		170	125	2	
21622	Mon Nov 06 16:51:09 2017	6	35	903::10	2249.14		0	0	0	1	0	0	0	0	0	0	0	0	0	1	1	1	20	1		170	126	2	
21622	Mon Nov 06 16:51:27 2017	6	36	298::11	2249.14		0	1	0	0	0	0	1	0	0	0	0	0	0	0	1	1	39	2		170	127	2	
21622	Mon Nov 06 16:51:47 2017	6	37	1452::10	2249.14		1	0	0	0	0	0	0	0	0	0	0	0	1	1	1	0	79	5		170	128	2	
21622	Mon Nov 06 16:52:06 2017	6	38	629::10	2249.14		0	1	0	0	0	1	0	0	0	0	0	0	0	0	1	1	29	1		170	129	2	
21622	Mon Nov 06 16:52:24 2017	6	39	1280::11	2249.14		0	0	0	0	0	1	0	0	0	0	0	0	0	1	1	1	29	1		170	130	2	
21622	Mon Nov 06 16:52:43 2017	6	40	0::1	2249.14		0	0	1	0	0	0	0	0	0	0	0	0	0	0	1	1	999			170	131	2	
21622	Mon Nov 06 16:52:50 2017	6	41	302::10	2249.14		1	0	0	0	0	0	0	0	0	0	0	0	1	1	1	0	69	10		170	132	2	
21622	Mon Nov 06 16:53:08 2017	6	42	555::10	2249.14		0	1	0	0	0	0	0	0	1	0	0	0	0	0	1	1	33	1		170	133	2	
21622	Mon Nov 06 16:53:27 2017	6	43	607::10	2249.14		0	0	0	0	0	0	0	0	1	0	0	0	0	1	1	1	36	1		170	134	2	
21622	Mon Nov 06 16:53:45 2017	6	44	339::10	2249.14		1	1	0	0	0	0	0	0	0	0	0	0	1	0	1	0	65	10		170	135	2	
21622	Mon Nov 06 16:54:04 2017	6	45	731::10	2249.14		0	0	0	1	0	0	0	0	0	0	0	0	0	1	1	1	25	1		170	136	2	
21622	Mon Nov 06 16:54:23 2017	6	46	251::10	2249.14		0	1	0	0	1	0	0	0	0	0	0	0	0	0	1	1	30	1		170	137	2	
21622	Mon Nov 06 16:54:41 2017	6	47	224::10	2249.14		0	0	0	1	0	0	0	0	0	0	0	0	0	1	1	1	16	1		170	138	2	
21622	Mon Nov 06 16:55:00 2017	6	48	407::10	2249.14		0	1	0	0	0	0	0	0	0	0	1	0	0	0	1	1	55	8		170	139	2	
21622	Mon Nov 06 16:55:20 2017	6	49	568::10	2249.14		1	0	0	0	0	0	0	0	0	0	0	0	1	1	1	0	65	8		170	140	2	
21622	Mon Nov 06 16:55:39 2017	6	50	287::10	2249.14		1	1	0	0	0	0	0	0	0	0	0	0	1	0	1	0	69	10		170	141	2	
21622	Mon Nov 06 16:58:12 2017	8	1	286::10	2249.14		0	0	0	0	0	0	0	0	0	0	0	0	1	1	1	1	80	10		170	142	2	
21622	Mon Nov 06 16:58:32 2017	8	2	254::10	2249.14		1	0	0	0	0	0	0	0	0	0	0	0	1	1	1	0	71	5		170	143	2	
21622	Mon Nov 06 16:58:50 2017	8	3	611::10	2249.14		1	0	0	0	0	0	0	0	0	0	0	0	1	1	1	0	68	10		170	144	2	
21622	Mon Nov 06 16:59:09 2017	8	4	312::10	2249.14		1	1	0	0	0	0	0	0	0	0	0	0	1	0	1	0	76	10		170	145	2	
21622	Mon Nov 06 16:59:27 2017	8	5	259::11	2249.14		1	0	0	0	0	0	0	0	0	0	0	0	1	1	1	0	56	10		170	146	2	
21622	Mon Nov 06 16:59:46 2017	8	6	457::10	2249.14		1	1	0	0	0	0	0	0	0	0	0	0	1	0	1	0	85	10		170	147	2	
21622	Mon Nov 06 17:00:06 2017	9	1	243::10	2249.14		0	1	0	0	1	0	0	0	0	0	0	0	0	0	1	1	21	1		170	148	2	
21622	Mon Nov 06 17:00:25 2017	9	2	371::10	2249.14		0	0	0	0	0	0	0	0	1	0	0	0	0	1	1	1	46	1		170	149	2	
21622	Mon Nov 06 17:00:42 2017	9	3	483::13	2249.14		0	1	0	0	0	0	0	1	0	0	0	0	0	0	1	1	28	1		170	150	2	
21622	Mon Nov 06 17:01:01 2017	9	4	814::10	2249.14		0	0	0	0	0	0	0	0	0	0	0	1	0	1	1	1	57	5		170	151	2	
21622	Mon Nov 06 17:01:20 2017	9	5	231::12	2249.14		0	1	0	0	0	0	0	0	0	1	0	0	0	0	1	1	50	1		170	152	2	
21622	Mon Nov 06 17:01:38 2017	9	6	306::11	2249.14		0	0	0	1	0	0	0	0	0	0	0	0	0	1	1	1	19	1		170	153	2	
21622	Mon Nov 06 17:01:58 2017	9	7	132::10	2249.14		0	1	0	0	0	0	0	0	0	0	0	1	0	0	1	1	999	10		170	154	2	
21622	Mon Nov 06 17:02:16 2017	9	8	244::11	2249.14		0	0	0	0	0	0	0	1	0	0	0	0	0	1	1	1	29	1		170	155	2	
21622	Mon Nov 06 17:02:36 2017	9	9	254::10	2249.14		1	1	0	0	0	0	0	0	0	0	0	0	1	0	1	0	90	10		170	156	2	
21622	Mon Nov 06 17:02:56 2017	9	10	0::1	2249.14		0	0	1	0	0	0	0	0	0	0	0	0	0	0	1	1	999			170	157	2	
21622	Mon Nov 06 17:03:05 2017	9	11	437::10	2249.14		0	0	0	0	0	0	0	0	0	0	0	0	1	1	1	1	57	10		170	158	2	
21622	Mon Nov 06 17:03:25 2017	9	12	714::11	2249.14		0	1	0	0	0	1	0	0	0	0	0	0	0	0	1	1	21	1		170	159	2	
21622	Mon Nov 06 17:03:42 2017	9	13	165::10	2249.14		1	0	0	0	0	0	0	0	0	0	0	0	1	1	1	0	999	10		170	160	2	
21622	Mon Nov 06 17:04:01 2017	9	14	735::10	2249.14		0	1	0	0	0	0	0	0	1	0	0	0	0	0	1	1	39	1		170	161	2	
21622	Mon Nov 06 17:04:18 2017	9	15	618::10	2249.14		0	0	0	0	0	0	0	1	0	0	0	0	0	1	1	1	30	1		170	162	2	
21622	Mon Nov 06 17:04:37 2017	9	16	205::11	2249.14		0	1	0	0	1	0	0	0	0	0	0	0	0	0	1	1	18	1		170	163	2	
21622	Mon Nov 06 17:04:55 2017	9	17	341::10	2249.14		0	0	0	0	0	0	0	0	0	1	0	0	0	1	1	1	61	1		170	164	2	
21622	Mon Nov 06 17:05:14 2017	9	18	282::10	2249.14		0	1	0	1	0	0	0	0	0	0	0	0	0	0	1	1	19	1		170	165	2	
21622	Mon Nov 06 17:05:33 2017	9	19	267::10	2249.14		1	0	0	0	0	0	0	0	0	0	0	0	1	1	1	0	68	10		170	166	2	
21622	Mon Nov 06 17:05:50 2017	9	20	285::10	2249.14		0	1	0	0	0	0	1	0	0	0	0	0	0	0	1	1	39	1		170	167	2	
21622	Mon Nov 06 17:06:10 2017	9	21	1462::11	2249.14		0	0	0	1	0	0	0	0	0	0	0	0	0	1	1	1	19	1		170	168	2	
21622	Mon Nov 06 17:06:28 2017	9	22	474::10	2249.14		0	1	0	0	0	0	0	0	0	0	0	0	1	0	1	1	80	10		170	169	2	
21622	Mon Nov 06 17:06:47 2017	9	23	371::10	2249.14		0	0	0	0	0	1	0	0	0	0	0	0	0	1	1	1	29	1		170	170	2	
21622	Mon Nov 06 17:07:06 2017	9	24	2225::6	2249.14		0	1	0	0	0	0	0	0	0	0	1	0	0	0	1	1	64	10		170	171	2	
21622	Mon Nov 06 17:07:25 2017	9	25	0::1	2249.14		0	0	1	0	0	0	0	0	0	0	0	0	0	0	1	1	999			170	172	2	
21622	Mon Nov 06 17:07:34 2017	9	26	384::10	2249.14		0	1	0	0	0	0	0	0	0	0	1	0	0	0	1	1	53	1		170	173	2	
21622	Mon Nov 06 17:07:53 2017	9	27	277::10	2249.14		0	0	0	0	1	0	0	0	0	0	0	0	0	1	1	1	19	1		170	174	2	
21622	Mon Nov 06 17:08:11 2017	9	28	1674::12	2249.14		0	1	0	0	0	0	0	1	0	0	0	0	0	0	1	1	35	1		170	175	2	
21622	Mon Nov 06 17:08:29 2017	9	29	467::11	2249.14		0	0	0	0	1	0	0	0	0	0	0	0	0	1	1	1	27	1		170	176	2	
21622	Mon Nov 06 17:08:47 2017	9	30	403::10	2249.14		0	1	0	0	0	0	1	0	0	0	0	0	0	0	1	1	40	1		170	177	2	
21622	Mon Nov 06 17:09:04 2017	9	31	1134::11	2249.14		0	0	0	0	0	0	0	0	0	0	1	0	0	1	1	1	40	1		170	178	2	
21622	Mon Nov 06 17:09:22 2017	9	32	1952::6	2249.14		0	1	0	1	0	0	0	0	0	0	0	0	0	0	1	1	20	1		170	179	2	
21622	Mon Nov 06 17:09:41 2017	9	33	277::10	2249.14		0	0	0	0	0	0	0	0	0	0	1	0	0	1	1	1	54	1		170	180	2	
21622	Mon Nov 06 17:10:01 2017	9	34	462::10	2249.14		1	1	0	0	0	0	0	0	0	0	0	0	1	0	1	0	75	10		170	181	2	
21622	Mon Nov 06 17:10:19 2017	9	35	371::10	2249.14		0	0	0	0	0	0	0	0	0	1	0	0	0	1	1	1	39	1		170	182	2	
21622	Mon Nov 06 17:10:37 2017	9	36	350::10	2249.14		0	1	0	0	0	0	0	0	0	0	0	1	0	0	1	1	50	1		170	183	2	
21622	Mon Nov 06 17:10:57 2017	9	37	384::11	2249.14		0	0	0	0	0	0	0	0	1	0	0	0	0	1	1	1	31	1		170	184	2	
21622	Mon Nov 06 17:11:15 2017	9	38	2489::10	2249.14		0	1	0	0	0	0	0	0	0	1	0	0	0	0	1	1	47	1		170	185	2	
21622	Mon Nov 06 17:11:33 2017	9	39	284::10	2249.14		0	0	0	1	0	0	0	0	0	0	0	0	0	1	1	1	0	1		170	186	2	
21622	Mon Nov 06 17:11:51 2017	9	40	463::10	2249.14		0	1	0	0	0	1	0	0	0	0	0	0	0	0	1	1	28	1		170	187	2	
21622	Mon Nov 06 17:12:10 2017	9	41	400::10	2249.14		0	0	0	0	0	0	1	0	0	0	0	0	0	1	1	1	45	1		170	188	2	
21622	Mon Nov 06 17:12:29 2017	9	42	546::10	2249.14		0	1	0	1	0	0	0	0	0	0	0	0	0	0	1	1	0	1		170	189	2	
21622	Mon Nov 06 17:12:46 2017	9	43	445::10	2249.14		0	0	0	0	0	0	1	0	0	0	0	0	0	1	1	1	33	1		170	190	2	
21622	Mon Nov 06 17:13:04 2017	9	44	339::11	2249.14		0	1	0	0	0	0	0	0	1	0	0	0	0	0	1	1	27	1		170	191	2	
21622	Mon Nov 06 17:13:23 2017	9	45	1183::10	2249.14		0	0	0	0	0	0	0	0	0	0	0	1	0	1	1	1	45	1		170	192	2	
21622	Mon Nov 06 17:13:42 2017	9	46	360::10	2249.14		0	1	0	1	0	0	0	0	0	0	0	0	0	0	1	1	20	1		170	193	2	
21622	Mon Nov 06 17:14:01 2017	9	47	514::10	2249.14		1	0	0	0	0	0	0	0	0	0	0	0	1	1	1	0	79	10		170	194	2	
21622	Mon Nov 06 17:14:19 2017	9	48	538::12	2249.14		1	1	0	0	0	0	0	0	0	0	0	0	1	0	1	0	80	10		170	195	2	
21622	Mon Nov 06 17:14:36 2017	9	49	228::10	2249.14		0	0	0	1	0	0	0	0	0	0	0	0	0	1	1	1	21	1		170	196	2	
21622	Mon Nov 06 17:14:53 2017	9	50	514::10	2249.14		0	0	0	0	0	1	0	0	0	0	0	0	0	1	1	1	24	1		170	197	2	
