version	timestamp	block number	trial number	lost msec	free VRAM	trial contents	US	Startle_Circle	Startle_ITI	C1	C2	C3	C5	C4	C6	C7	C8	C9	C10	No_Startle	Generalization_Block	No_US	Size	US_expect	Resp_Rev	US_Intensity	Total_trial_nr	group	
21622	Mon Nov 13 18:37:00 2017	2	1	149::57	2249.14		0	1	0	0	0	0	0	0	0	0	0	0	1	0	0	1	999	5		280	1	2	
21622	Mon Nov 13 18:37:19 2017	2	2	242::11	2249.14		0	1	0	1	0	0	0	0	0	0	0	0	0	0	0	1	42	4		280	2	2	
21622	Mon Nov 13 18:37:36 2017	2	3	232::10	2249.14		0	1	0	1	0	0	0	0	0	0	0	0	0	0	0	1	46	4		280	3	2	
21622	Mon Nov 13 18:37:54 2017	2	4	0::1	2249.14		0	0	1	0	0	0	0	0	0	0	0	0	0	0	0	1	999			280	4	2	
21622	Mon Nov 13 18:38:03 2017	2	5	2::2	2249.14		0	0	1	0	0	0	0	0	0	0	0	0	0	0	0	1	999			280	5	2	
21622	Mon Nov 13 18:38:12 2017	2	6	265::10	2249.14		0	1	0	0	0	0	0	0	0	0	0	0	1	0	0	1	82	4		280	6	2	
21622	Mon Nov 13 18:38:32 2017	2	7	2::2	2249.14		0	0	1	0	0	0	0	0	0	0	0	0	0	0	0	1	999			280	7	2	
21622	Mon Nov 13 18:38:39 2017	2	8	231::10	2249.14		0	1	0	0	0	0	0	0	0	0	0	0	1	0	0	1	92	3		280	8	2	
21622	Mon Nov 13 18:38:58 2017	2	9	271::10	2249.14		0	1	0	1	0	0	0	0	0	0	0	0	0	0	0	1	33	3		280	9	2	
21622	Mon Nov 13 18:39:17 2017	2	10	0::1	2249.14		0	0	1	0	0	0	0	0	0	0	0	0	0	0	0	1	999			280	10	2	
21622	Mon Nov 13 18:39:46 2017	3	1	241::13	2249.14		1	1	0	0	0	0	0	0	0	0	0	0	1	0	0	0	64	4		280	11	2	
21622	Mon Nov 13 18:40:05 2017	3	2	226::10	2249.14		1	0	0	0	0	0	0	0	0	0	0	0	1	1	0	0	57	5		280	12	2	
21622	Mon Nov 13 18:40:23 2017	3	3	261::10	2249.14		0	1	0	1	0	0	0	0	0	0	0	0	0	0	0	1	32	6		280	13	2	
21622	Mon Nov 13 18:40:42 2017	3	4	260::10	2249.14		0	0	0	1	0	0	0	0	0	0	0	0	0	1	0	1	29	6		280	14	2	
21622	Mon Nov 13 18:41:01 2017	3	5	2::2	2249.14		0	0	1	0	0	0	0	0	0	0	0	0	0	0	0	1	999			280	15	2	
21622	Mon Nov 13 18:41:10 2017	3	6	278::10	2249.14		0	1	0	0	0	0	0	0	0	0	0	0	1	0	0	1	90	5		280	16	2	
21622	Mon Nov 13 18:41:29 2017	3	7	284::10	2249.14		0	0	0	0	0	0	0	0	0	0	0	0	1	1	0	1	91	5		280	17	2	
21622	Mon Nov 13 18:41:48 2017	3	8	265::10	2249.14		0	1	0	1	0	0	0	0	0	0	0	0	0	0	0	1	41	4		280	18	2	
21622	Mon Nov 13 18:42:05 2017	3	9	297::10	2249.14		1	0	0	0	0	0	0	0	0	0	0	0	1	1	0	0	80	4		280	19	2	
21622	Mon Nov 13 18:42:25 2017	3	10	308::10	2249.14		0	1	0	1	0	0	0	0	0	0	0	0	0	0	0	1	39	5		280	20	2	
21622	Mon Nov 13 18:42:43 2017	3	11	303::10	2249.14		0	0	0	1	0	0	0	0	0	0	0	0	0	1	0	1	51	4		280	21	2	
21622	Mon Nov 13 18:43:00 2017	3	12	293::10	2249.14		1	1	0	0	0	0	0	0	0	0	0	0	1	0	0	0	90	4		280	22	2	
21622	Mon Nov 13 18:43:18 2017	3	13	319::10	2249.14		0	0	0	1	0	0	0	0	0	0	0	0	0	1	0	1	43	5		280	23	2	
21622	Mon Nov 13 18:43:37 2017	3	14	307::10	2249.14		1	1	0	0	0	0	0	0	0	0	0	0	1	0	0	0	76	5		280	24	2	
21622	Mon Nov 13 18:43:56 2017	3	15	243::10	2249.14		0	0	0	1	0	0	0	0	0	0	0	0	0	1	0	1	40	6		280	25	2	
21622	Mon Nov 13 18:44:15 2017	3	16	323::11	2249.14		0	1	0	1	0	0	0	0	0	0	0	0	0	0	0	1	40	4		280	26	2	
21622	Mon Nov 13 18:44:32 2017	3	17	298::10	2249.14		1	0	0	0	0	0	0	0	0	0	0	0	1	1	0	0	100	5		280	27	2	
21622	Mon Nov 13 18:44:50 2017	3	18	279::11	2249.14		1	1	0	0	0	0	0	0	0	0	0	0	1	0	0	0	96	6		280	28	2	
21622	Mon Nov 13 18:45:07 2017	3	19	302::11	2249.14		0	0	0	1	0	0	0	0	0	0	0	0	0	1	0	1	31	5		280	29	2	
21622	Mon Nov 13 18:45:27 2017	3	20	258::10	2249.14		0	1	0	1	0	0	0	0	0	0	0	0	0	0	0	1	35	5		280	30	2	
21622	Mon Nov 13 18:45:45 2017	3	21	281::11	2249.14		1	0	0	0	0	0	0	0	0	0	0	0	1	1	0	0	88	4		280	31	2	
21622	Mon Nov 13 18:46:04 2017	3	22	324::10	2249.14		0	0	0	1	0	0	0	0	0	0	0	0	0	1	0	1	41	6		280	32	2	
21622	Mon Nov 13 18:46:24 2017	3	23	302::10	2249.14		1	0	0	0	0	0	0	0	0	0	0	0	1	1	0	0	79	5		280	33	2	
21622	Mon Nov 13 18:46:42 2017	3	24	292::11	2249.14		0	0	0	1	0	0	0	0	0	0	0	0	0	1	0	1	46	6		280	34	2	
21622	Mon Nov 13 18:47:01 2017	3	25	305::10	2249.14		1	0	0	0	0	0	0	0	0	0	0	0	1	1	0	0	83	6		280	35	2	
21622	Mon Nov 13 18:47:20 2017	4	1	268::10	2249.14		0	1	0	1	0	0	0	0	0	0	0	0	0	0	1	1	42	5		280	36	2	
21622	Mon Nov 13 18:47:40 2017	4	2	322::11	2249.14		0	0	0	0	0	0	1	0	0	0	0	0	0	1	1	1	70	5		280	37	2	
21622	Mon Nov 13 18:47:59 2017	4	3	305::10	2249.14		0	1	0	0	0	0	0	0	0	0	0	1	0	0	1	1	99	6		280	38	2	
21622	Mon Nov 13 18:48:16 2017	4	4	279::10	2249.14		1	0	0	0	0	0	0	0	0	0	0	0	1	1	1	0	103	6		280	39	2	
21622	Mon Nov 13 18:48:36 2017	4	5	312::10	2249.14		1	1	0	0	0	0	0	0	0	0	0	0	1	0	1	0	103	6		280	40	2	
21622	Mon Nov 13 18:48:54 2017	4	6	0::1	2249.14		0	0	1	0	0	0	0	0	0	0	0	0	0	0	1	1	999			280	41	2	
21622	Mon Nov 13 18:49:01 2017	4	7	290::10	2249.14		1	0	0	0	0	0	0	0	0	0	0	0	1	1	1	0	90	6		280	42	2	
21622	Mon Nov 13 18:49:20 2017	4	8	344::10	2249.14		0	1	0	1	0	0	0	0	0	0	0	0	0	0	1	1	39	4		280	43	2	
21622	Mon Nov 13 18:49:38 2017	4	9	210::10	2249.14		0	0	0	0	0	0	0	0	0	0	0	1	0	1	1	1	80	5		280	44	2	
21622	Mon Nov 13 18:49:57 2017	4	10	284::12	2249.14		0	1	0	0	0	0	0	0	1	0	0	0	0	0	1	1	70	4		280	45	2	
21622	Mon Nov 13 18:50:15 2017	4	11	0::1	2249.14		0	0	1	0	0	0	0	0	0	0	0	0	0	0	1	1	999			280	46	2	
21622	Mon Nov 13 18:50:23 2017	4	12	330::11	2249.14		0	0	0	1	0	0	0	0	0	0	0	0	0	1	1	1	32	4		280	47	2	
21622	Mon Nov 13 18:50:41 2017	4	13	297::10	2249.14		0	1	0	1	0	0	0	0	0	0	0	0	0	0	1	1	30	4		280	48	2	
21622	Mon Nov 13 18:51:00 2017	4	14	259::10	2249.14		0	0	0	0	0	0	0	0	0	0	0	0	1	1	1	1	79	5		280	49	2	
21622	Mon Nov 13 18:51:19 2017	4	15	293::11	2249.14		0	1	0	0	0	0	0	0	0	0	0	0	1	0	1	1	94	6		280	50	2	
21622	Mon Nov 13 18:51:38 2017	4	16	339::10	2249.14		0	0	0	0	0	0	0	1	0	0	0	0	0	1	1	1	66	5		280	51	2	
21622	Mon Nov 13 18:51:57 2017	4	17	315::10	2249.14		0	1	0	0	0	0	1	0	0	0	0	0	0	0	1	1	77	5		280	52	2	
21622	Mon Nov 13 18:52:15 2017	4	18	352::10	2249.14		0	0	0	0	0	0	0	0	0	0	0	1	0	1	1	1	101	7		280	53	2	
21622	Mon Nov 13 18:52:32 2017	4	19	299::10	2249.14		0	1	0	0	0	0	0	0	0	0	1	0	0	0	1	1	98	7		280	54	2	
21622	Mon Nov 13 18:52:50 2017	4	20	369::11	2249.14		0	0	0	0	1	0	0	0	0	0	0	0	0	1	1	1	54	5		280	55	2	
21622	Mon Nov 13 18:53:08 2017	4	21	475::10	2249.14		0	1	0	0	0	1	0	0	0	0	0	0	0	0	1	1	50	5		280	56	2	
21622	Mon Nov 13 18:53:28 2017	4	22	311::10	2249.14		0	0	0	0	1	0	0	0	0	0	0	0	0	1	1	1	41	4		280	57	2	
21622	Mon Nov 13 18:53:46 2017	4	23	306::10	2249.14		0	1	0	0	0	0	0	1	0	0	0	0	0	0	1	1	42	4		280	58	2	
21622	Mon Nov 13 18:54:05 2017	4	24	296::10	2249.14		0	0	0	0	0	1	0	0	0	0	0	0	0	1	1	1	54	5		280	59	2	
21622	Mon Nov 13 18:54:22 2017	4	25	344::11	2249.14		0	1	0	0	0	1	0	0	0	0	0	0	0	0	1	1	45	4		280	60	2	
21622	Mon Nov 13 18:54:40 2017	4	26	306::10	2249.14		0	0	0	0	0	0	0	0	0	1	0	0	0	1	1	1	63	5		280	61	2	
21622	Mon Nov 13 18:54:58 2017	4	27	278::10	2249.14		0	1	0	0	1	0	0	0	0	0	0	0	0	0	1	1	52	4		280	62	2	
21622	Mon Nov 13 18:55:15 2017	4	28	333::10	2249.14		0	0	0	0	0	0	0	1	0	0	0	0	0	1	1	1	51	4		280	63	2	
21622	Mon Nov 13 18:55:33 2017	4	29	292::10	2249.14		0	1	0	0	0	0	0	0	1	0	0	0	0	0	1	1	64	5		280	64	2	
21622	Mon Nov 13 18:55:53 2017	4	30	312::10	2249.14		0	0	0	0	0	0	0	0	0	1	0	0	0	1	1	1	79	5		280	65	2	
21622	Mon Nov 13 18:56:13 2017	4	31	356::10	2249.14		0	1	0	0	0	0	0	1	0	0	0	0	0	0	1	1	52	3		280	66	2	
21622	Mon Nov 13 18:56:33 2017	4	32	204::10	2249.14		0	0	0	1	0	0	0	0	0	0	0	0	0	1	1	1	36	3		280	67	2	
21622	Mon Nov 13 18:56:50 2017	4	33	312::11	2249.14		0	1	0	0	0	0	0	0	0	0	1	0	0	0	1	1	85	4		280	68	2	
21622	Mon Nov 13 18:57:09 2017	4	34	275::10	2249.14		0	0	0	0	0	0	1	0	0	0	0	0	0	1	1	1	57	4		280	69	2	
21622	Mon Nov 13 18:57:27 2017	4	35	434::10	2249.14		0	1	0	0	0	0	0	0	0	1	0	0	0	0	1	1	63	4		280	70	2	
21622	Mon Nov 13 18:57:46 2017	4	36	345::10	2249.14		0	0	0	0	0	0	0	0	0	0	1	0	0	1	1	1	67	4		280	71	2	
21622	Mon Nov 13 18:58:06 2017	4	37	293::10	2249.14		0	1	0	0	0	0	1	0	0	0	0	0	0	0	1	1	53	3		280	72	2	
21622	Mon Nov 13 18:58:24 2017	4	38	515::11	2249.14		0	0	0	1	0	0	0	0	0	0	0	0	0	1	1	1	32	2		280	73	2	
21622	Mon Nov 13 18:58:44 2017	4	39	353::10	2249.14		0	1	0	0	0	0	0	0	0	0	0	1	0	0	1	1	100	5		280	74	2	
21622	Mon Nov 13 18:59:02 2017	4	40	325::10	2249.14		0	0	0	0	0	1	0	0	0	0	0	0	0	1	1	1	49	3		280	75	2	
21622	Mon Nov 13 18:59:19 2017	4	41	239::10	2249.14		1	1	0	0	0	0	0	0	0	0	0	0	1	0	1	0	79	4		280	76	2	
21622	Mon Nov 13 18:59:36 2017	4	42	371::10	2249.14		0	0	0	0	0	0	0	0	1	0	0	0	0	1	1	1	53	4		280	77	2	
21622	Mon Nov 13 18:59:55 2017	4	43	387::11	2249.14		0	1	0	0	1	0	0	0	0	0	0	0	0	0	1	1	36	4		280	78	2	
21622	Mon Nov 13 19:00:12 2017	4	44	295::10	2249.14		0	0	0	0	0	0	0	0	0	0	1	0	0	1	1	1	101	5		280	79	2	
21622	Mon Nov 13 19:00:29 2017	4	45	261::11	2249.14		0	1	0	1	0	0	0	0	0	0	0	0	0	0	1	1	37	3		280	80	2	
21622	Mon Nov 13 19:00:48 2017	4	46	217::11	2249.14		1	0	0	0	0	0	0	0	0	0	0	0	1	1	1	0	61	4		280	81	2	
21622	Mon Nov 13 19:01:07 2017	4	47	298::10	2249.14		1	1	0	0	0	0	0	0	0	0	0	0	1	0	1	0	80	5		280	82	2	
21622	Mon Nov 13 19:01:27 2017	4	48	258::10	2249.14		0	0	0	1	0	0	0	0	0	0	0	0	0	1	1	1	38	3		280	83	2	
21622	Mon Nov 13 19:01:45 2017	4	49	269::10	2249.14		0	1	0	0	0	0	0	0	0	1	0	0	0	0	1	1	62	4		280	84	2	
21622	Mon Nov 13 19:02:03 2017	4	50	277::10	2249.14		0	0	0	0	0	0	0	0	1	0	0	0	0	1	1	1	60	4		280	85	2	
21622	Mon Nov 13 19:04:26 2017	5	1	258::10	2249.14		1	0	0	0	0	0	0	0	0	0	0	0	1	1	1	0	84	5		280	86	2	
21622	Mon Nov 13 19:04:44 2017	5	2	308::11	2249.14		1	1	0	0	0	0	0	0	0	0	0	0	1	0	1	0	91	7		280	87	2	
21622	Mon Nov 13 19:05:04 2017	5	3	343::10	2249.14		1	0	0	0	0	0	0	0	0	0	0	0	1	1	1	0	81	6		280	88	2	
21622	Mon Nov 13 19:05:21 2017	5	4	448::10	2249.14		0	0	0	0	0	0	0	0	0	0	0	0	1	1	1	1	87	7		280	89	2	
21622	Mon Nov 13 19:05:39 2017	5	5	271::11	2249.14		1	0	0	0	0	0	0	0	0	0	0	0	1	1	1	0	79	6		280	90	2	
21622	Mon Nov 13 19:05:59 2017	5	6	288::10	2249.14		1	1	0	0	0	0	0	0	0	0	0	0	1	0	1	0	79	7		280	91	2	
21622	Mon Nov 13 19:06:16 2017	6	1	0::1	2249.14		0	0	1	0	0	0	0	0	0	0	0	0	0	0	1	1	999			280	92	2	
21622	Mon Nov 13 19:06:24 2017	6	2	265::10	2249.14		0	0	0	0	0	0	0	0	1	0	0	0	0	1	1	1	62	5		280	93	2	
21622	Mon Nov 13 19:06:44 2017	6	3	2::2	2249.14		0	0	1	0	0	0	0	0	0	0	0	0	0	0	1	1	999			280	94	2	
21622	Mon Nov 13 19:06:53 2017	6	4	298::11	2249.14		0	1	0	0	1	0	0	0	0	0	0	0	0	0	1	1	33	5		280	95	2	
21622	Mon Nov 13 19:07:11 2017	6	5	281::10	2249.14		0	0	0	0	0	0	0	0	0	0	0	1	0	1	1	1	88	7		280	96	2	
21622	Mon Nov 13 19:07:31 2017	6	6	286::10	2249.14		0	1	0	0	0	0	0	0	0	0	0	1	0	0	1	1	89	6		280	97	2	
21622	Mon Nov 13 19:07:50 2017	6	7	358::11	2249.14		1	0	0	0	0	0	0	0	0	0	0	0	1	1	1	0	89	5		280	98	2	
21622	Mon Nov 13 19:08:09 2017	6	8	317::10	2249.14		1	1	0	0	0	0	0	0	0	0	0	0	1	0	1	0	86	6		280	99	2	
21622	Mon Nov 13 19:08:29 2017	6	9	284::11	2249.14		0	0	0	0	0	0	0	0	0	0	0	1	0	1	1	1	79	7		280	100	2	
21622	Mon Nov 13 19:08:46 2017	6	10	330::10	2249.14		0	1	0	0	0	0	1	0	0	0	0	0	0	0	1	1	52	5		280	101	2	
21622	Mon Nov 13 19:09:04 2017	6	11	280::10	2249.14		0	0	0	0	0	1	0	0	0	0	0	0	0	1	1	1	44	4		280	102	2	
21622	Mon Nov 13 19:09:22 2017	6	12	283::10	2249.14		0	1	0	0	0	0	1	0	0	0	0	0	0	0	1	1	60	5		280	103	2	
21622	Mon Nov 13 19:09:39 2017	6	13	285::10	2249.14		0	0	0	0	0	0	0	0	1	0	0	0	0	1	1	1	70	5		280	104	2	
21622	Mon Nov 13 19:09:58 2017	6	14	284::10	2249.14		0	1	0	0	0	0	0	0	0	0	1	0	0	0	1	1	79	5		280	105	2	
21622	Mon Nov 13 19:10:17 2017	6	15	277::11	2249.14		0	0	0	0	0	0	0	0	0	0	0	0	1	1	1	1	99	6		280	106	2	
21622	Mon Nov 13 19:10:36 2017	6	16	233::10	2249.14		0	1	0	0	0	0	0	1	0	0	0	0	0	0	1	1	43	4		280	107	2	
21622	Mon Nov 13 19:10:55 2017	6	17	380::11	2249.14		0	0	0	0	0	0	0	0	0	0	1	0	0	1	1	1	72	5		280	108	2	
21622	Mon Nov 13 19:11:14 2017	6	18	365::10	2249.14		0	1	0	1	0	0	0	0	0	0	0	0	0	0	1	1	41	3		280	109	2	
21622	Mon Nov 13 19:11:32 2017	6	19	221::10	2249.14		0	0	0	1	0	0	0	0	0	0	0	0	0	1	1	1	31	3		280	110	2	
21622	Mon Nov 13 19:11:52 2017	6	20	287::11	2249.14		0	1	0	0	1	0	0	0	0	0	0	0	0	0	1	1	32	3		280	111	2	
21622	Mon Nov 13 19:12:11 2017	6	21	301::10	2249.14		0	0	0	0	0	0	0	0	0	0	1	0	0	1	1	1	70	4		280	112	2	
21622	Mon Nov 13 19:12:30 2017	6	22	296::12	2249.14		0	1	0	0	0	1	0	0	0	0	0	0	0	0	1	1	42	3		280	113	2	
21622	Mon Nov 13 19:12:49 2017	6	23	321::10	2249.14		0	0	0	0	0	0	0	1	0	0	0	0	0	1	1	1	54	4		280	114	2	
21622	Mon Nov 13 19:13:06 2017	6	24	237::10	2249.14		0	1	0	0	0	0	0	0	0	0	1	0	0	0	1	1	71	5		280	115	2	
21622	Mon Nov 13 19:13:25 2017	6	25	455::11	2249.14		0	0	0	0	1	0	0	0	0	0	0	0	0	1	1	1	46	4		280	116	2	
21622	Mon Nov 13 19:13:44 2017	6	26	332::10	2249.14		0	1	0	0	0	0	0	0	0	1	0	0	0	0	1	1	73	4		280	117	2	
21622	Mon Nov 13 19:14:02 2017	6	27	266::11	2249.14		0	0	0	0	0	0	0	0	0	1	0	0	0	1	1	1	60	3		280	118	2	
21622	Mon Nov 13 19:14:21 2017	6	28	236::12	2249.14		0	1	0	0	0	0	0	0	1	0	0	0	0	0	1	1	55	3		280	119	2	
21622	Mon Nov 13 19:14:41 2017	6	29	369::10	2249.14		0	0	0	0	0	0	1	0	0	0	0	0	0	1	1	1	52	3		280	120	2	
21622	Mon Nov 13 19:15:01 2017	6	30	293::11	2249.14		0	1	0	1	0	0	0	0	0	0	0	0	0	0	1	1	33	3		280	121	2	
21622	Mon Nov 13 19:15:21 2017	6	31	468::10	2249.14		0	0	0	0	0	1	0	0	0	0	0	0	0	1	1	1	50	3		280	122	2	
21622	Mon Nov 13 19:15:41 2017	6	32	326::10	2249.14		0	1	0	1	0	0	0	0	0	0	0	0	0	0	1	1	33	2		280	123	2	
21622	Mon Nov 13 19:15:58 2017	6	33	333::10	2249.14		1	0	0	0	0	0	0	0	0	0	0	0	1	1	1	0	99	5		280	124	2	
21622	Mon Nov 13 19:16:18 2017	6	34	276::10	2249.14		0	1	0	0	0	0	0	1	0	0	0	0	0	0	1	1	58	4		280	125	2	
21622	Mon Nov 13 19:16:37 2017	6	35	266::11	2249.14		0	0	0	0	0	0	0	0	0	1	0	0	0	1	1	1	79	4		280	126	2	
21622	Mon Nov 13 19:16:55 2017	6	36	348::10	2249.14		1	1	0	0	0	0	0	0	0	0	0	0	1	0	1	0	99	7		280	127	2	
21622	Mon Nov 13 19:17:13 2017	6	37	313::10	2249.14		0	0	0	0	0	0	0	1	0	0	0	0	0	1	1	1	61	4		280	128	2	
21622	Mon Nov 13 19:17:30 2017	6	38	354::11	2249.14		0	1	0	0	0	0	0	0	0	1	0	0	0	0	1	1	81	4		280	129	2	
21622	Mon Nov 13 19:17:50 2017	6	39	281::10	2249.14		0	0	0	1	0	0	0	0	0	0	0	0	0	1	1	1	31	3		280	130	2	
21622	Mon Nov 13 19:18:07 2017	6	40	293::10	2249.14		0	1	0	0	0	0	0	0	1	0	0	0	0	0	1	1	55	4		280	131	2	
21622	Mon Nov 13 19:18:25 2017	6	41	297::10	2249.14		0	0	0	0	1	0	0	0	0	0	0	0	0	1	1	1	39	3		280	132	2	
21622	Mon Nov 13 19:18:43 2017	6	42	323::10	2249.14		0	1	0	0	0	0	0	0	0	0	0	0	1	0	1	1	101	8		280	133	2	
21622	Mon Nov 13 19:19:01 2017	6	43	326::11	2249.14		1	0	0	0	0	0	0	0	0	0	0	0	1	1	1	0	113	8		280	134	2	
21622	Mon Nov 13 19:19:21 2017	6	44	272::10	2249.14		0	1	0	0	0	0	0	0	0	0	0	1	0	0	1	1	104	7		280	135	2	
21622	Mon Nov 13 19:19:39 2017	6	45	292::11	2249.14		0	0	0	0	0	0	1	0	0	0	0	0	0	1	1	1	75	5		280	136	2	
21622	Mon Nov 13 19:19:56 2017	6	46	299::11	2249.14		0	1	0	0	0	1	0	0	0	0	0	0	0	0	1	1	29	3		280	137	2	
21622	Mon Nov 13 19:20:13 2017	6	47	310::10	2249.14		0	0	0	1	0	0	0	0	0	0	0	0	0	1	1	1	33	2		280	138	2	
21622	Mon Nov 13 19:20:33 2017	6	48	228::10	2249.14		0	1	0	1	0	0	0	0	0	0	0	0	0	0	1	1	41	3		280	139	2	
21622	Mon Nov 13 19:20:52 2017	6	49	328::10	2249.14		1	1	0	0	0	0	0	0	0	0	0	0	1	0	1	0	101	8		280	140	2	
21622	Mon Nov 13 19:21:11 2017	6	50	312::10	2249.14		0	0	0	1	0	0	0	0	0	0	0	0	0	1	1	1	44	3		280	141	2	
21622	Mon Nov 13 19:24:07 2017	8	1	274::10	2249.14		1	1	0	0	0	0	0	0	0	0	0	0	1	0	1	0	102	8		280	142	2	
21622	Mon Nov 13 19:24:26 2017	8	2	295::11	2249.14		1	0	0	0	0	0	0	0	0	0	0	0	1	1	1	0	102	8		280	143	2	
21622	Mon Nov 13 19:24:45 2017	8	3	310::10	2249.14		1	0	0	0	0	0	0	0	0	0	0	0	1	1	1	0	101	9		280	144	2	
21622	Mon Nov 13 19:25:02 2017	8	4	318::10	2249.14		0	0	0	0	0	0	0	0	0	0	0	0	1	1	1	1	103	9		280	145	2	
21622	Mon Nov 13 19:25:21 2017	8	5	343::10	2249.14		1	0	0	0	0	0	0	0	0	0	0	0	1	1	1	0	104	8		280	146	2	
21622	Mon Nov 13 19:25:39 2017	8	6	186::10	2249.14		1	1	0	0	0	0	0	0	0	0	0	0	1	0	1	0	104	8		280	147	2	
21622	Mon Nov 13 19:25:59 2017	9	1	297::10	2249.14		0	1	0	1	0	0	0	0	0	0	0	0	0	0	1	1	42	5		280	148	2	
21622	Mon Nov 13 19:26:17 2017	9	2	228::10	2249.14		0	0	0	0	0	0	0	0	0	0	0	1	0	1	1	1	98	9		280	149	2	
21622	Mon Nov 13 19:26:34 2017	9	3	211::11	2249.14		0	1	0	1	0	0	0	0	0	0	0	0	0	0	1	1	51	4		280	150	2	
21622	Mon Nov 13 19:26:53 2017	9	4	244::10	2249.14		0	0	0	0	0	0	0	1	0	0	0	0	0	1	1	1	64	5		280	151	2	
21622	Mon Nov 13 19:27:12 2017	9	5	305::12	2249.14		0	1	0	1	0	0	0	0	0	0	0	0	0	0	1	1	40	3		280	152	2	
21622	Mon Nov 13 19:27:31 2017	9	6	261::11	2249.14		0	0	0	0	0	0	0	0	0	1	0	0	0	1	1	1	81	6		280	153	2	
21622	Mon Nov 13 19:27:48 2017	9	7	287::10	2249.14		0	1	0	0	0	0	0	0	1	0	0	0	0	0	1	1	74	5		280	154	2	
21622	Mon Nov 13 19:28:08 2017	9	8	251::11	2249.14		0	0	0	0	0	0	0	1	0	0	0	0	0	1	1	1	56	4		280	155	2	
21622	Mon Nov 13 19:28:28 2017	9	9	238::10	2249.14		0	1	0	0	0	0	0	0	0	0	0	1	0	0	1	1	102	8		280	156	2	
21622	Mon Nov 13 19:28:48 2017	9	10	296::10	2249.14		0	0	0	0	0	0	0	0	0	0	0	0	1	1	1	1	107	9		280	157	2	
21622	Mon Nov 13 19:29:06 2017	9	11	312::11	2249.14		0	1	0	0	0	0	0	1	0	0	0	0	0	0	1	1	50	4		280	158	2	
21622	Mon Nov 13 19:29:23 2017	9	12	255::10	2249.14		0	0	0	0	0	1	0	0	0	0	0	0	0	1	1	1	41	3		280	159	2	
21622	Mon Nov 13 19:29:40 2017	9	13	310::11	2249.14		0	1	0	0	0	0	1	0	0	0	0	0	0	0	1	1	51	3		280	160	2	
21622	Mon Nov 13 19:29:58 2017	9	14	166::10	2249.14		0	0	0	1	0	0	0	0	0	0	0	0	0	1	1	1	29	2		280	161	2	
21622	Mon Nov 13 19:30:17 2017	9	15	251::10	2249.14		0	1	0	1	0	0	0	0	0	0	0	0	0	0	1	1	21	2		280	162	2	
21622	Mon Nov 13 19:30:35 2017	9	16	194::11	2249.14		0	0	0	0	0	0	0	0	1	0	0	0	0	1	1	1	71	4		280	163	2	
21622	Mon Nov 13 19:30:54 2017	9	17	259::10	2249.14		0	1	0	0	0	0	0	0	0	1	0	0	0	0	1	1	71	4		280	164	2	
21622	Mon Nov 13 19:31:11 2017	9	18	238::10	2249.14		0	0	0	1	0	0	0	0	0	0	0	0	0	1	1	1	40	3		280	165	2	
21622	Mon Nov 13 19:31:29 2017	9	19	291::10	2249.14		0	1	0	0	0	0	0	0	0	0	1	0	0	0	1	1	100	7		280	166	2	
21622	Mon Nov 13 19:31:47 2017	9	20	363::10	2249.14		0	0	0	0	0	1	0	0	0	0	0	0	0	1	1	1	56	3		280	167	2	
21622	Mon Nov 13 19:32:06 2017	9	21	2::2	2249.14		0	0	1	0	0	0	0	0	0	0	0	0	0	0	1	1	999			280	168	2	
21622	Mon Nov 13 19:32:15 2017	9	22	231::10	2249.14		0	1	0	0	0	0	0	0	0	0	1	0	0	0	1	1	69	3		280	169	2	
21622	Mon Nov 13 19:32:35 2017	9	23	280::11	2249.14		0	0	0	0	0	0	0	0	0	0	0	1	0	1	1	1	99	7		280	170	2	
21622	Mon Nov 13 19:32:55 2017	9	24	246::10	2249.14		0	1	0	0	0	0	0	1	0	0	0	0	0	0	1	1	51	3		280	171	2	
21622	Mon Nov 13 19:33:13 2017	9	25	254::11	2249.14		1	0	0	0	0	0	0	0	0	0	0	0	1	1	1	0	101	7		280	172	2	
21622	Mon Nov 13 19:33:32 2017	9	26	289::10	2249.14		0	1	0	0	0	0	0	0	1	0	0	0	0	0	1	1	60	4		280	173	2	
21622	Mon Nov 13 19:33:50 2017	9	27	278::10	2249.14		0	0	0	0	1	0	0	0	0	0	0	0	0	1	1	1	34	2		280	174	2	
21622	Mon Nov 13 19:34:09 2017	9	28	241::11	2249.14		0	1	0	0	1	0	0	0	0	0	0	0	0	0	1	1	28	2		280	175	2	
21622	Mon Nov 13 19:34:26 2017	9	29	276::8	2249.14		0	0	0	0	0	0	1	0	0	0	0	0	0	1	1	1	52	3		280	176	2	
21622	Mon Nov 13 19:34:44 2017	9	30	0::1	2249.14		0	0	1	0	0	0	0	0	0	0	0	0	0	0	1	1	999			280	177	2	
21622	Mon Nov 13 19:34:53 2017	9	31	286::11	2249.14		1	0	0	0	0	0	0	0	0	0	0	0	1	1	1	0	99	7		280	178	2	
21622	Mon Nov 13 19:35:10 2017	9	32	202::10	2249.14		0	1	0	0	1	0	0	0	0	0	0	0	0	0	1	1	41	2		280	179	2	
21622	Mon Nov 13 19:35:28 2017	9	33	282::11	2249.14		0	0	0	0	0	0	0	0	0	0	1	0	0	1	1	1	83	6		280	180	2	
21622	Mon Nov 13 19:35:47 2017	9	34	296::10	2249.14		1	1	0	0	0	0	0	0	0	0	0	0	1	0	1	0	102	8		280	181	2	
21622	Mon Nov 13 19:36:05 2017	9	35	240::10	2249.14		0	0	0	0	1	0	0	0	0	0	0	0	0	1	1	1	41	2		280	182	2	
21622	Mon Nov 13 19:36:23 2017	9	36	384::10	2249.14		0	1	0	0	0	1	0	0	0	0	0	0	0	0	1	1	47	3		280	183	2	
21622	Mon Nov 13 19:36:42 2017	9	37	396::10	2249.14		0	0	0	0	0	0	0	0	1	0	0	0	0	1	1	1	55	3		280	184	2	
21622	Mon Nov 13 19:37:01 2017	9	38	261::11	2249.14		0	1	0	0	0	0	0	0	0	0	0	1	0	0	1	1	85	6		280	185	2	
21622	Mon Nov 13 19:37:20 2017	9	39	312::10	2249.14		0	0	0	0	0	0	0	0	0	0	1	0	0	1	1	1	86	4		280	186	2	
21622	Mon Nov 13 19:37:39 2017	9	40	148::12	2249.14		0	1	0	0	0	0	1	0	0	0	0	0	0	0	1	1	48	3		280	187	2	
21622	Mon Nov 13 19:37:59 2017	9	41	254::11	2249.14		0	0	0	1	0	0	0	0	0	0	0	0	0	1	1	1	28	2		280	188	2	
21622	Mon Nov 13 19:38:16 2017	9	42	317::12	2249.14		0	1	0	0	0	1	0	0	0	0	0	0	0	0	1	1	43	2		280	189	2	
21622	Mon Nov 13 19:38:35 2017	9	43	295::11	2249.14		0	0	0	0	0	0	0	0	0	1	0	0	0	1	1	1	63	4		280	190	2	
21622	Mon Nov 13 19:38:54 2017	9	44	294::11	2249.14		1	1	0	0	0	0	0	0	0	0	0	0	1	0	1	0	102	9		280	191	2	
21622	Mon Nov 13 19:39:13 2017	9	45	293::10	2249.14		0	0	0	0	0	0	1	0	0	0	0	0	0	1	1	1	62	4		280	192	2	
21622	Mon Nov 13 19:39:32 2017	9	46	265::11	2249.14		0	1	0	0	0	0	0	0	0	0	0	0	1	0	1	1	105	10		280	193	2	
21622	Mon Nov 13 19:39:51 2017	9	47	286::10	2249.14		0	0	0	1	0	0	0	0	0	0	0	0	0	1	1	1	38	2		280	194	2	
21622	Mon Nov 13 19:40:08 2017	9	48	290::10	2249.14		0	1	0	0	0	0	0	0	0	1	0	0	0	0	1	1	76	4		280	195	2	
21622	Mon Nov 13 19:40:27 2017	9	49	290::11	2249.14		1	0	0	0	0	0	0	0	0	0	0	0	1	1	1	0	102	10		280	196	2	
21622	Mon Nov 13 19:40:44 2017	9	50	304::10	2249.14		1	1	0	0	0	0	0	0	0	0	0	0	1	0	1	0	101	9		280	197	2	
